{
  "generated_by": {
    "program": "augur",
    "version": "8.0.0"
  },
  "models": {
    "country": {
      "alphabet": [
        "Canada",
        "Usa",
        "?"
      ],
      "equilibrium_probabilities": [
        0.3815325495299957,
        0.6184674504700043
      ],
      "rate": 14.229083820207247,
      "transition_matrix": [
        [
          0.0,
          2.1189541607638436
        ],
        [
          2.1189541607638436,
          0.0
        ]
      ]
    },
    "division": {
      "alphabet": [
        "Alabama",
        "Arkansas",
        "British Columbia",
        "California",
        "Georgia",
        "Illinois",
        "Indiana",
        "Iowa",
        "Kansas",
        "Louisiana",
        "Manitoba",
        "Massachusetts",
        "Michigan",
        "Missouri",
        "Montana",
        "New Hampshire",
        "New Jersey",
        "New York",
        "North Carolina",
        "North Dakota",
        "Ohio",
        "Ontario",
        "Pennsylvania",
        "Texas",
        "Virginia",
        "Washington",
        "Wisconsin",
        "?"
      ],
      "equilibrium_probabilities": [
        0.0344213202355662,
        0.02919576558802095,
        0.03647494956124752,
        0.04094939280811619,
        0.03715220027385584,
        0.041772422959513486,
        0.04279113872893047,
        0.04096972364474487,
        0.037215177933508696,
        0.04042031848565512,
        0.03805587298189987,
        0.03853425176001743,
        0.04228423925799716,
        0.023567484656232165,
        0.037151816342950846,
        0.03464445998765586,
        0.03793267138928186,
        0.039053841377918064,
        0.03720904080758679,
        0.04139392891192244,
        0.037520091673684065,
        0.031102832723111762,
        0.04087967408670623,
        0.034380014525591925,
        0.040365591944552665,
        0.038653341711494926,
        0.02590843564223655
      ],
      "rate": 93.20113332496507,
      "transition_matrix": [
        [
          0.0,
          0.9387101198289857,
          1.2154070687230745,
          0.938899574289251,
          0.9385476429550977,
          0.9411262240662245,
          0.9387683742707246,
          0.9384119047587589,
          1.8502237902244654,
          0.9388064632647914,
          0.9389630625281162,
          1.4882901557376491,
          0.9386390284064784,
          1.6269468829989346,
          0.9385480171592135,
          0.9386625638859835,
          0.9391797056053546,
          0.9392334583358357,
          0.9399330447491689,
          0.9384552669863127,
          0.9407461601775817,
          0.9389060276592158,
          0.9390707658248547,
          0.9393855886956571,
          0.9390642537769226,
          1.5423176584700617,
          0.9424280058949527
        ],
        [
          0.9387101198289857,
          0.0,
          0.936815948387965,
          0.9378359913063897,
          0.9374868719430338,
          0.9375716528702622,
          0.9375335271432408,
          0.9374374245564209,
          0.9823129480401688,
          0.9377327195885736,
          0.9381316643695468,
          1.1978218305085262,
          0.9378031804119888,
          0.9395280479882914,
          0.9374873819723784,
          0.9375500591128878,
          0.9380592297107876,
          0.9381173681581232,
          0.9374885620781216,
          0.9373369420049641,
          1.8973802699710223,
          0.937654477001508,
          0.9379205703906498,
          0.9378900525884887,
          0.9378823806356948,
          5.046008410920291,
          1.0161507756848314
        ],
        [
          1.2154070687230745,
          0.936815948387965,
          0.0,
          0.9374859755073472,
          0.9368071803418138,
          0.9495793955106359,
          0.9368326538153228,
          0.9365820738013931,
          0.9384124617557308,
          0.9371098078205614,
          0.9377142038336291,
          2.0372597251387266,
          0.9367958326545429,
          0.9713659990461756,
          0.9368080072321687,
          0.9369949273892593,
          0.9391120447444725,
          0.9394063087750278,
          0.938495493928581,
          0.9364881763996132,
          0.9393537456661544,
          1.8839331966050974,
          0.937977559725531,
          0.9379485705429446,
          0.9379207048883271,
          1.4334138480458634,
          1.090286359411436
        ],
        [
          0.938899574289251,
          0.9378359913063897,
          0.9374859755073472,
          0.0,
          0.9383981300894102,
          0.938685516672284,
          0.9624057544726848,
          0.9385735892999548,
          0.939137050525836,
          0.9388499653296875,
          0.9385187742060613,
          0.9372567361518677,
          0.9387980916464496,
          0.9386172092582424,
          0.9383983215668605,
          0.9383551948179839,
          1.1014589923379063,
          0.969988993731079,
          0.9383993274247744,
          0.9383828067089869,
          0.9388490468514328,
          1.313752910639228,
          0.9391481177393557,
          0.9387559939713453,
          0.939019420431546,
          0.9363940059490692,
          1.035155623962599
        ],
        [
          0.9385476429550977,
          0.9374868719430338,
          0.9368071803418138,
          0.9383981300894102,
          0.0,
          0.9380706981381318,
          0.938016080625493,
          0.9378719789000163,
          0.938571075081961,
          0.9382434679909545,
          0.9380568101806688,
          1.4044252397147898,
          0.9380886425481183,
          0.9380689922166918,
          0.9378850503186111,
          0.9378817227268739,
          0.9385494376361614,
          0.9386137180682237,
          0.9378828690543768,
          0.9378099398113299,
          0.9378684244151215,
          0.937708349722064,
          0.9384864176645518,
          0.9382499443067127,
          0.9384940412698239,
          0.9357973831609896,
          0.9388818974142393
        ],
        [
          0.9411262240662245,
          0.9375716528702622,
          0.9495793955106359,
          0.938685516672284,
          0.9380706981381318,
          0.0,
          0.9384827374284495,
          0.9381058767327166,
          0.9396436026368322,
          0.9384909604155697,
          0.9384235810386715,
          1.022807022456652,
          0.9383737005798561,
          2.243968786453788,
          0.9380709009863702,
          0.9380856444747091,
          0.9390022070504535,
          0.9390431677474288,
          0.9380712236827181,
          0.9380643040205048,
          0.9381880136817399,
          0.9381102971471481,
          0.9387371798048081,
          0.9385290428248524,
          0.938674230750944,
          0.9367337890418082,
          1.0654817055522388
        ],
        [
          0.9387683742707246,
          0.9375335271432408,
          0.9368326538153228,
          0.9624057544726848,
          0.938016080625493,
          0.9384827374284495,
          0.0,
          0.9380903146931348,
          0.9390235017968188,
          0.938490192623074,
          0.938279164001205,
          0.9359218923576467,
          0.9383980698994284,
          1.8798093406459406,
          0.9380162620519007,
          0.9379983929568375,
          1.0068915527111126,
          1.082094150134194,
          0.9380171552129595,
          0.9379669680803151,
          0.9400759659822334,
          0.9619501461803607,
          0.938776164774778,
          0.9384550013648474,
          0.9387085610779806,
          0.9360755449213957,
          1.2875081259078693
        ],
        [
          0.9384119047587589,
          0.9374374245564209,
          0.9365820738013931,
          0.9385735892999548,
          0.9378719789000163,
          0.9381058767327166,
          0.9380903146931348,
          0.0,
          0.9386236482089937,
          0.9383315371431207,
          0.9379857630710225,
          0.9344318895704937,
          0.9382148619639875,
          0.9380556889245273,
          0.9378721473154024,
          0.937862937398884,
          0.9387560833050582,
          0.9385973317823108,
          0.9378733578299295,
          0.9377989040191999,
          0.9379575708386199,
          0.9378165492283921,
          0.9384077468534716,
          0.9383196526972444,
          0.9384165874557117,
          0.9355992963387615,
          1.408101857026376
        ],
        [
          1.8502237902244654,
          0.9823129480401688,
          0.9384124617557308,
          0.939137050525836,
          0.938571075081961,
          0.9396436026368322,
          0.9390235017968188,
          0.9386236482089937,
          0.0,
          0.9390283478676954,
          0.9390300142062993,
          1.2985388066372718,
          0.9388992612568217,
          1.474629091975783,
          0.9385714102660156,
          0.9386209008033874,
          0.9394165005787836,
          0.9395338065434414,
          0.9385739927009129,
          0.9385622328178697,
          0.938988059391836,
          0.9388529103128143,
          0.9392716789669948,
          0.9391461928508128,
          0.9391559897322986,
          1.5442323053447236,
          1.2606862967291061
        ],
        [
          0.9388064632647914,
          0.9377327195885736,
          0.9371098078205614,
          0.9388499653296875,
          0.9382434679909545,
          0.9384909604155697,
          0.938490192623074,
          0.9383315371431207,
          0.9390283478676954,
          0.0,
          0.9383590978083794,
          1.0368850778941487,
          0.9386255194348951,
          0.9387663800690611,
          0.9382436681013075,
          0.9382658958794661,
          0.9390829113833068,
          0.9391595236606936,
          0.938246664160335,
          0.938145027809735,
          0.9385228664723382,
          0.9382083671420475,
          0.9389168183752189,
          1.2656968369187236,
          0.9387972660650156,
          0.9362327329898932,
          1.1203012129433163
        ],
        [
          0.9389630625281162,
          0.9381316643695468,
          0.9377142038336291,
          0.9385187742060613,
          0.9380568101806688,
          0.9384235810386715,
          0.938279164001205,
          0.9379857630710225,
          0.9390300142062993,
          0.9383590978083794,
          0.0,
          1.2353121887830916,
          0.938208391858,
          1.0567548383696872,
          0.9380570712185262,
          0.9381073599824264,
          0.9387216542114407,
          0.9387223177997885,
          0.9380557645228975,
          0.9379928201678246,
          0.9381102872817667,
          0.9386456276633093,
          0.9385832880322884,
          0.9384751825551118,
          0.9385868728579103,
          1.0560669580448216,
          0.9399769395056129
        ],
        [
          1.4882901557376491,
          1.1978218305085262,
          2.0372597251387266,
          0.9372567361518677,
          1.4044252397147898,
          1.022807022456652,
          0.9359218923576467,
          0.9344318895704937,
          1.2985388066372718,
          1.0368850778941487,
          1.2353121887830916,
          0.0,
          0.9463142646535204,
          3.8084321561660537,
          1.4044395906981313,
          1.8654864569895941,
          1.3845126787702233,
          1.2360068214531283,
          1.3969599461090538,
          0.9342702518047715,
          1.8864625860670778,
          2.0659382608283123,
          1.073810889555065,
          2.0300240985901463,
          1.067983654771938,
          2.3829053503328406,
          4.286951380003345
        ],
        [
          0.9386390284064784,
          0.9378031804119888,
          0.9367958326545429,
          0.9387980916464496,
          0.9380886425481183,
          0.9383737005798561,
          0.9383980698994284,
          0.9382148619639875,
          0.9388992612568217,
          0.9386255194348951,
          0.938208391858,
          0.9463142646535204,
          0.0,
          0.9383794034377606,
          0.9380888208057376,
          0.9380693587402726,
          0.9389921624724167,
          0.9391741206227944,
          0.9380923519398552,
          0.9380318456773504,
          1.7517738702574768,
          0.9380059055690525,
          0.9387697017584469,
          0.9386174334941945,
          0.9386651770381167,
          0.9358248209900522,
          1.2060165692788862
        ],
        [
          1.6269468829989346,
          0.9395280479882914,
          0.9713659990461756,
          0.9386172092582424,
          0.9380689922166918,
          2.243968786453788,
          1.8798093406459406,
          0.9380556889245273,
          1.474629091975783,
          0.9387663800690611,
          1.0567548383696872,
          3.8084321561660537,
          0.9383794034377606,
          0.0,
          0.9380705508961321,
          0.9476799707334375,
          0.9396823407366044,
          0.940284876880676,
          0.9380644607031925,
          1.409220094500085,
          0.9385680128446499,
          0.940040913141169,
          0.9392499482039395,
          0.9390433682005614,
          0.9391123874131497,
          2.1568621256335967,
          2.4042366886610225
        ],
        [
          0.9385480171592135,
          0.9374873819723784,
          0.9368080072321687,
          0.9383983215668605,
          0.9378850503186111,
          0.9380709009863702,
          0.9380162620519007,
          0.9378721473154024,
          0.9385714102660156,
          0.9382436681013075,
          0.9380570712185262,
          1.4044395906981313,
          0.9380888208057376,
          0.9380705508961321,
          0.0,
          0.9378821680460405,
          0.9385497451482552,
          0.9386139727554818,
          0.9378831564759122,
          0.9378101102842049,
          0.9378689187364153,
          0.9377410328284613,
          0.9384866304268089,
          0.9382504549179318,
          0.9384942469008154,
          0.9358376894414597,
          0.9388839665012834
        ],
        [
          0.9386625638859835,
          0.9375500591128878,
          0.9369949273892593,
          0.9383551948179839,
          0.9378817227268739,
          0.9380856444747091,
          0.9379983929568375,
          0.937862937398884,
          0.9386209008033874,
          0.9382658958794661,
          0.9381073599824264,
          1.8654864569895941,
          0.9380693587402726,
          0.9476799707334375,
          0.9378821680460405,
          0.0,
          0.938524263057443,
          0.9387101719505059,
          0.9378765835541015,
          0.9378054297678088,
          0.9378725997737626,
          0.9377627318041517,
          0.9385704554682619,
          0.9382841732380786,
          0.9385773820126937,
          0.9360400679017075,
          0.9389967294136253
        ],
        [
          0.9391797056053546,
          0.9380592297107876,
          0.9391120447444725,
          1.1014589923379063,
          0.9385494376361614,
          0.9390022070504535,
          1.0068915527111126,
          0.9387560833050582,
          0.9394165005787836,
          0.9390829113833068,
          0.9387216542114407,
          1.3845126787702233,
          0.9389921624724167,
          0.9396823407366044,
          0.9385497451482552,
          0.938524263057443,
          0.0,
          1.0364487374081783,
          0.9385483282295127,
          0.9385229422340512,
          0.939806143919826,
          1.109129171677328,
          0.9436783916948648,
          0.9390357980187652,
          0.943080290678661,
          0.9370491048605367,
          1.219358690227007
        ],
        [
          0.9392334583358357,
          0.9381173681581232,
          0.9394063087750278,
          0.969988993731079,
          0.9386137180682237,
          0.9390431677474288,
          1.082094150134194,
          0.9385973317823108,
          0.9395338065434414,
          0.9391595236606936,
          0.9387223177997885,
          1.2360068214531283,
          0.9391741206227944,
          0.940284876880676,
          0.9386139727554818,
          0.9387101719505059,
          1.0364487374081783,
          0.0,
          0.9386162951070132,
          0.9384429556904965,
          1.242391952386749,
          0.9700942007194341,
          1.1150196425023593,
          0.9393738698578348,
          1.1115197967399717,
          0.9372110506676951,
          1.8572497825514562
        ],
        [
          0.9399330447491689,
          0.9374885620781216,
          0.938495493928581,
          0.9383993274247744,
          0.9378828690543768,
          0.9380712236827181,
          0.9380171552129595,
          0.9378733578299295,
          0.9385739927009129,
          0.938246664160335,
          0.9380557645228975,
          1.3969599461090538,
          0.9380923519398552,
          0.9380644607031925,
          0.9378831564759122,
          0.9378765835541015,
          0.9385483282295127,
          0.9386162951070132,
          0.0,
          0.937810392806721,
          0.9416732131303921,
          0.9377089997332663,
          0.9384870787301341,
          0.9389069342759094,
          0.9384938701169863,
          0.9357960675886622,
          0.9407989051585544
        ],
        [
          0.9384552669863127,
          0.9373369420049641,
          0.9364881763996132,
          0.9383828067089869,
          0.9378099398113299,
          0.9380643040205048,
          0.9379669680803151,
          0.9377989040191999,
          0.9385622328178697,
          0.938145027809735,
          0.9379928201678246,
          0.9342702518047715,
          0.9380318456773504,
          1.409220094500085,
          0.9378101102842049,
          0.9378054297678088,
          0.9385229422340512,
          0.9384429556904965,
          0.937810392806721,
          0.0,
          0.93777665265207,
          0.9375650083206988,
          0.9383222110872802,
          0.9381417298812927,
          0.9383321060221336,
          0.9355020507211369,
          0.9388389843372965
        ],
        [
          0.9407461601775817,
          1.8973802699710223,
          0.9393537456661544,
          0.9388490468514328,
          0.9378684244151215,
          0.9381880136817399,
          0.9400759659822334,
          0.9379575708386199,
          0.938988059391836,
          0.9385228664723382,
          0.9381102872817667,
          1.8864625860670778,
          1.7517738702574768,
          0.9385680128446499,
          0.9378689187364153,
          0.9378725997737626,
          0.939806143919826,
          1.242391952386749,
          0.9416732131303921,
          0.93777665265207,
          0.0,
          0.9384305544647038,
          0.9389609960142189,
          0.9394491274443318,
          0.9388535057215212,
          0.9364961112648027,
          1.4098283607529338
        ],
        [
          0.9389060276592158,
          0.937654477001508,
          1.8839331966050974,
          1.313752910639228,
          0.937708349722064,
          0.9381102971471481,
          0.9619501461803607,
          0.9378165492283921,
          0.9388529103128143,
          0.9382083671420475,
          0.9386456276633093,
          2.0659382608283123,
          0.9380059055690525,
          0.940040913141169,
          0.9377410328284613,
          0.9377627318041517,
          1.109129171677328,
          0.9700942007194341,
          0.9377089997332663,
          0.9375650083206988,
          0.9384305544647038,
          0.0,
          0.9387455466490991,
          0.9383691205575488,
          0.9385409227060093,
          1.4429644122419567,
          1.3834937161973815
        ],
        [
          0.9390707658248547,
          0.9379205703906498,
          0.937977559725531,
          0.9391481177393557,
          0.9384864176645518,
          0.9387371798048081,
          0.938776164774778,
          0.9384077468534716,
          0.9392716789669948,
          0.9389168183752189,
          0.9385832880322884,
          1.073810889555065,
          0.9387697017584469,
          0.9392499482039395,
          0.9384866304268089,
          0.9385704554682619,
          0.9436783916948648,
          1.1150196425023593,
          0.9384870787301341,
          0.9383222110872802,
          0.9389609960142189,
          0.9387455466490991,
          0.0,
          0.9391024194129165,
          1.3052932620209339,
          0.936605225890968,
          1.427572554682982
        ],
        [
          0.9393855886956571,
          0.9378900525884887,
          0.9379485705429446,
          0.9387559939713453,
          0.9382499443067127,
          0.9385290428248524,
          0.9384550013648474,
          0.9383196526972444,
          0.9391461928508128,
          1.2656968369187236,
          0.9384751825551118,
          2.0300240985901463,
          0.9386174334941945,
          0.9390433682005614,
          0.9382504549179318,
          0.9382841732380786,
          0.9390357980187652,
          0.9393738698578348,
          0.9389069342759094,
          0.9381417298812927,
          0.9394491274443318,
          0.9383691205575488,
          0.9391024194129165,
          0.0,
          0.9389790426773307,
          0.9368324848532692,
          1.139315873199836
        ],
        [
          0.9390642537769226,
          0.9378823806356948,
          0.9379207048883271,
          0.939019420431546,
          0.9384940412698239,
          0.938674230750944,
          0.9387085610779806,
          0.9384165874557117,
          0.9391559897322986,
          0.9387972660650156,
          0.9385868728579103,
          1.067983654771938,
          0.9386651770381167,
          0.9391123874131497,
          0.9384942469008154,
          0.9385773820126937,
          0.943080290678661,
          1.1115197967399717,
          0.9384938701169863,
          0.9383321060221336,
          0.9388535057215212,
          0.9385409227060093,
          1.3052932620209339,
          0.9389790426773307,
          0.0,
          0.9364773955077573,
          0.9575955096100726
        ],
        [
          1.5423176584700617,
          5.046008410920291,
          1.4334138480458634,
          0.9363940059490692,
          0.9357973831609896,
          0.9367337890418082,
          0.9360755449213957,
          0.9355992963387615,
          1.5442323053447236,
          0.9362327329898932,
          1.0560669580448216,
          2.3829053503328406,
          0.9358248209900522,
          2.1568621256335967,
          0.9358376894414597,
          0.9360400679017075,
          0.9370491048605367,
          0.9372110506676951,
          0.9357960675886622,
          0.9355020507211369,
          0.9364961112648027,
          1.4429644122419567,
          0.936605225890968,
          0.9368324848532692,
          0.9364773955077573,
          0.0,
          1.4365315796582565
        ],
        [
          0.9424280058949527,
          1.0161507756848314,
          1.090286359411436,
          1.035155623962599,
          0.9388818974142393,
          1.0654817055522388,
          1.2875081259078693,
          1.408101857026376,
          1.2606862967291061,
          1.1203012129433163,
          0.9399769395056129,
          4.286951380003345,
          1.2060165692788862,
          2.4042366886610225,
          0.9388839665012834,
          0.9389967294136253,
          1.219358690227007,
          1.8572497825514562,
          0.9407989051585544,
          0.9388389843372965,
          1.4098283607529338,
          1.3834937161973815,
          1.427572554682982,
          1.139315873199836,
          0.9575955096100726,
          1.4365315796582565,
          0.0
        ]
      ]
    }
  },
  "nodes": {
    "Alabama.USA/11.17/FH90/G": {
      "country": "Usa",
      "country_confidence": {
        "Usa": 1.0
      },
      "country_entropy": -1.000088900581841e-12,
      "division": "Alabama",
      "division_confidence": {
        "Alabama": 1.0
      },
      "division_entropy": -1.000088900581841e-12
    },
    "Alabama.USA/15.17/FH139/G": {
      "country": "Usa",
      "country_confidence": {
        "Usa": 0.9999999999999999
      },
      "country_entropy": -9.99866855976916e-13,
      "division": "Alabama",
      "division_confidence": {
        "Alabama": 1.0
      },
      "division_entropy": -1.000088900581841e-12
    },
    "Alabama.USA/19.17/FH92/G": {
      "country": "Usa",
      "country_confidence": {
        "Usa": 1.0
      },
      "country_entropy": -1.000088900581841e-12,
      "division": "Alabama",
      "division_confidence": {
        "Alabama": 1.0
      },
      "division_entropy": -1.000088900581841e-12
    },
    "Alabama.USA/50.17/FH156/G": {
      "country": "Usa",
      "country_confidence": {
        "Usa": 1.0
      },
      "country_entropy": -1.000088900581841e-12,
      "division": "Alabama",
      "division_confidence": {
        "Alabama": 1.0
      },
      "division_entropy": -1.000088900581841e-12
    },
    "Alabama.USA/7.17/FH164/G": {
      "country": "Usa",
      "country_confidence": {
        "Usa": 1.0
      },
      "country_entropy": -1.000088900581841e-12,
      "division": "Alabama",
      "division_confidence": {
        "Alabama": 1.0
      },
      "division_entropy": -1.000088900581841e-12
    },
    "Arkansas.USA/12.17/G": {
      "country": "Usa",
      "country_confidence": {
        "Usa": 1.0
      },
      "country_entropy": -1.000088900581841e-12,
      "division": "Arkansas",
      "division_confidence": {
        "Arkansas": 1.0
      },
      "division_entropy": -1.000088900581841e-12
    },
    "Arkansas.USA/13.17/G": {
      "country": "Usa",
      "country_confidence": {
        "Usa": 1.0
      },
      "country_entropy": -1.000088900581841e-12,
      "division": "Arkansas",
      "division_confidence": {
        "Arkansas": 1.0
      },
      "division_entropy": -1.000088900581841e-12
    },
    "Arkansas.USA/38.16/G": {
      "country": "Usa",
      "country_confidence": {
        "Usa": 0.9999999999999999
      },
      "country_entropy": -9.99866855976916e-13,
      "division": "Arkansas",
      "division_confidence": {
        "Arkansas": 1.0
      },
      "division_entropy": -1.000088900581841e-12
    },
    "Arkansas.USA/40.16/G": {
      "country": "Usa",
      "country_confidence": {
        "Usa": 1.0
      },
      "country_entropy": -1.000088900581841e-12,
      "division": "Arkansas",
      "division_confidence": {
        "Arkansas": 1.0
      },
      "division_entropy": -1.000088900581841e-12
    },
    "Arkansas.USA/41.16/G": {
      "country": "Usa",
      "country_confidence": {
        "Usa": 1.0
      },
      "country_entropy": -1.000088900581841e-12,
      "division": "Arkansas",
      "division_confidence": {
        "Arkansas": 1.0
      },
      "division_entropy": -1.000088900581841e-12
    },
    "Arkansas.USA/43.16/G": {
      "country": "Usa",
      "country_confidence": {
        "Usa": 0.9999999999999999
      },
      "country_entropy": -9.99866855976916e-13,
      "division": "Arkansas",
      "division_confidence": {
        "Arkansas": 1.0
      },
      "division_entropy": -1.000088900581841e-12
    },
    "Arkansas.USA/44.16/G": {
      "country": "Usa",
      "country_confidence": {
        "Usa": 0.9999999999999999
      },
      "country_entropy": -9.99866855976916e-13,
      "division": "Arkansas",
      "division_confidence": {
        "Arkansas": 1.0
      },
      "division_entropy": -1.000088900581841e-12
    },
    "Arkansas.USA/45.16/G": {
      "country": "Usa",
      "country_confidence": {
        "Usa": 1.0
      },
      "country_entropy": -1.000088900581841e-12,
      "division": "Arkansas",
      "division_confidence": {
        "Arkansas": 1.0
      },
      "division_entropy": -1.000088900581841e-12
    },
    "Arkansas.USA/46.16/G": {
      "country": "Usa",
      "country_confidence": {
        "Usa": 1.0
      },
      "country_entropy": -1.000088900581841e-12,
      "division": "Arkansas",
      "division_confidence": {
        "Arkansas": 1.0
      },
      "division_entropy": -1.000088900581841e-12
    },
    "Arkansas.USA/47.16/G": {
      "country": "Usa",
      "country_confidence": {
        "Usa": 1.0
      },
      "country_entropy": -1.000088900581841e-12,
      "division": "Arkansas",
      "division_confidence": {
        "Arkansas": 1.0
      },
      "division_entropy": -1.000088900581841e-12
    },
    "Arkansas.USA/48.16/G": {
      "country": "Usa",
      "country_confidence": {
        "Usa": 1.0
      },
      "country_entropy": -1.000088900581841e-12,
      "division": "Arkansas",
      "division_confidence": {
        "Arkansas": 1.0
      },
      "division_entropy": -1.000088900581841e-12
    },
    "Arkansas.USA/49.16/G": {
      "country": "Usa",
      "country_confidence": {
        "Usa": 1.0
      },
      "country_entropy": -1.000088900581841e-12,
      "division": "Arkansas",
      "division_confidence": {
        "Arkansas": 1.0
      },
      "division_entropy": -1.000088900581841e-12
    },
    "Arkansas.USA/5.17/G": {
      "country": "Usa",
      "country_confidence": {
        "Usa": 1.0
      },
      "country_entropy": -1.000088900581841e-12,
      "division": "Arkansas",
      "division_confidence": {
        "Arkansas": 1.0
      },
      "division_entropy": -1.000088900581841e-12
    },
    "Arkansas.USA/50.16/G": {
      "country": "Usa",
      "country_confidence": {
        "Usa": 1.0
      },
      "country_entropy": -1.000088900581841e-12,
      "division": "Arkansas",
      "division_confidence": {
        "Arkansas": 1.0
      },
      "division_entropy": -1.000088900581841e-12
    },
    "Arkansas.USA/51.16/G": {
      "country": "Usa",
      "country_confidence": {
        "Usa": 0.9999999999999999
      },
      "country_entropy": -9.99866855976916e-13,
      "division": "Arkansas",
      "division_confidence": {
        "Arkansas": 1.0
      },
      "division_entropy": -1.000088900581841e-12
    },
    "Arkansas.USA/52.16/G": {
      "country": "Usa",
      "country_confidence": {
        "Usa": 0.9999999999999999
      },
      "country_entropy": -9.99866855976916e-13,
      "division": "Arkansas",
      "division_confidence": {
        "Arkansas": 1.0
      },
      "division_entropy": -1.000088900581841e-12
    },
    "BritishColumbia.CAN/11.16/G": {
      "country": "Canada",
      "country_confidence": {
        "Canada": 1.0
      },
      "country_entropy": -1.000088900581841e-12,
      "division": "British Columbia",
      "division_confidence": {
        "British Columbia": 1.0
      },
      "division_entropy": -1.000088900581841e-12
    },
    "BritishColumbia.CAN/13.16/G": {
      "country": "Canada",
      "country_confidence": {
        "Canada": 1.0
      },
      "country_entropy": -1.000088900581841e-12,
      "division": "British Columbia",
      "division_confidence": {
        "British Columbia": 1.0
      },
      "division_entropy": -1.000088900581841e-12
    },
    "BritishColumbia.CAN/14.11/2/G": {
      "country": "Canada",
      "country_confidence": {
        "Canada": 0.9999999999999999
      },
      "country_entropy": -9.99866855976916e-13,
      "division": "British Columbia",
      "division_confidence": {
        "British Columbia": 1.0
      },
      "division_entropy": -1.000088900581841e-12
    },
    "BritishColumbia.CAN/16.16/4/G": {
      "country": "Canada",
      "country_confidence": {
        "Canada": 0.9999999999999999
      },
      "country_entropy": -9.99866855976916e-13,
      "division": "British Columbia",
      "division_confidence": {
        "British Columbia": 0.9999999999999999
      },
      "division_entropy": -9.99866855976916e-13
    },
    "BritishColumbia.CAN/17.16/G": {
      "country": "Canada",
      "country_confidence": {
        "Canada": 0.9999999999999999
      },
      "country_entropy": -9.99866855976916e-13,
      "division": "British Columbia",
      "division_confidence": {
        "British Columbia": 0.9999999999999999
      },
      "division_entropy": -9.99866855976916e-13
    },
    "BritishColumbia.CAN/18.16/2/G": {
      "country": "Canada",
      "country_confidence": {
        "Canada": 1.0
      },
      "country_entropy": -1.000088900581841e-12,
      "division": "British Columbia",
      "division_confidence": {
        "British Columbia": 1.0
      },
      "division_entropy": -1.000088900581841e-12
    },
    "BritishColumbia.CAN/18.16/3/G": {
      "country": "Canada",
      "country_confidence": {
        "Canada": 1.0
      },
      "country_entropy": -1.000088900581841e-12,
      "division": "British Columbia",
      "division_confidence": {
        "British Columbia": 1.0
      },
      "division_entropy": -1.000088900581841e-12
    },
    "BritishColumbia.CAN/18.16/4/G": {
      "country": "Canada",
      "country_confidence": {
        "Canada": 1.0
      },
      "country_entropy": -1.000088900581841e-12,
      "division": "British Columbia",
      "division_confidence": {
        "British Columbia": 1.0
      },
      "division_entropy": -1.000088900581841e-12
    },
    "BritishColumbia.CAN/18.16/G": {
      "country": "Canada",
      "country_confidence": {
        "Canada": 1.0
      },
      "country_entropy": -1.000088900581841e-12,
      "division": "British Columbia",
      "division_confidence": {
        "British Columbia": 1.0
      },
      "division_entropy": -1.000088900581841e-12
    },
    "BritishColumbia.CAN/18.17/2/G": {
      "country": "Canada",
      "country_confidence": {
        "Canada": 1.0
      },
      "country_entropy": -1.000088900581841e-12,
      "division": "British Columbia",
      "division_confidence": {
        "British Columbia": 1.0
      },
      "division_entropy": -1.000088900581841e-12
    },
    "BritishColumbia.CAN/19.16/1/G": {
      "country": "Canada",
      "country_confidence": {
        "Canada": 1.0
      },
      "country_entropy": -1.000088900581841e-12,
      "division": "British Columbia",
      "division_confidence": {
        "British Columbia": 1.0
      },
      "division_entropy": -1.000088900581841e-12
    },
    "BritishColumbia.CAN/19.16/2/G": {
      "country": "Canada",
      "country_confidence": {
        "Canada": 1.0
      },
      "country_entropy": -1.000088900581841e-12,
      "division": "British Columbia",
      "division_confidence": {
        "British Columbia": 1.0
      },
      "division_entropy": -1.000088900581841e-12
    },
    "BritishColumbia.CAN/19.16/3/G": {
      "country": "Canada",
      "country_confidence": {
        "Canada": 1.0
      },
      "country_entropy": -1.000088900581841e-12,
      "division": "British Columbia",
      "division_confidence": {
        "British Columbia": 1.0
      },
      "division_entropy": -1.000088900581841e-12
    },
    "BritishColumbia.CAN/19.16/5/G": {
      "country": "Canada",
      "country_confidence": {
        "Canada": 1.0
      },
      "country_entropy": -1.000088900581841e-12,
      "division": "British Columbia",
      "division_confidence": {
        "British Columbia": 1.0
      },
      "division_entropy": -1.000088900581841e-12
    },
    "BritishColumbia.CAN/20.16/1/G": {
      "country": "Canada",
      "country_confidence": {
        "Canada": 1.0
      },
      "country_entropy": -1.000088900581841e-12,
      "division": "British Columbia",
      "division_confidence": {
        "British Columbia": 1.0
      },
      "division_entropy": -1.000088900581841e-12
    },
    "BritishColumbia.CAN/21.16/2/G": {
      "country": "Canada",
      "country_confidence": {
        "Canada": 1.0
      },
      "country_entropy": -1.000088900581841e-12,
      "division": "British Columbia",
      "division_confidence": {
        "British Columbia": 1.0
      },
      "division_entropy": -1.000088900581841e-12
    },
    "BritishColumbia.CAN/21.16/3/G": {
      "country": "Canada",
      "country_confidence": {
        "Canada": 1.0
      },
      "country_entropy": -1.000088900581841e-12,
      "division": "British Columbia",
      "division_confidence": {
        "British Columbia": 1.0
      },
      "division_entropy": -1.000088900581841e-12
    },
    "BritishColumbia.CAN/21.16/4/G": {
      "country": "Canada",
      "country_confidence": {
        "Canada": 1.0
      },
      "country_entropy": -1.000088900581841e-12,
      "division": "British Columbia",
      "division_confidence": {
        "British Columbia": 1.0
      },
      "division_entropy": -1.000088900581841e-12
    },
    "BritishColumbia.CAN/21.16/6/G": {
      "country": "Canada",
      "country_confidence": {
        "Canada": 1.0
      },
      "country_entropy": -1.000088900581841e-12,
      "division": "British Columbia",
      "division_confidence": {
        "British Columbia": 1.0
      },
      "division_entropy": -1.000088900581841e-12
    },
    "BritishColumbia.CAN/22.16/2/G": {
      "country": "Canada",
      "country_confidence": {
        "Canada": 1.0
      },
      "country_entropy": -1.000088900581841e-12,
      "division": "British Columbia",
      "division_confidence": {
        "British Columbia": 1.0
      },
      "division_entropy": -1.000088900581841e-12
    },
    "BritishColumbia.CAN/23.16/1/G": {
      "country": "Canada",
      "country_confidence": {
        "Canada": 1.0
      },
      "country_entropy": -1.000088900581841e-12,
      "division": "British Columbia",
      "division_confidence": {
        "British Columbia": 1.0
      },
      "division_entropy": -1.000088900581841e-12
    },
    "BritishColumbia.CAN/23.16/2/G": {
      "country": "Canada",
      "country_confidence": {
        "Canada": 1.0
      },
      "country_entropy": -1.000088900581841e-12,
      "division": "British Columbia",
      "division_confidence": {
        "British Columbia": 1.0
      },
      "division_entropy": -1.000088900581841e-12
    },
    "BritishColumbia.CAN/24.16/1/G": {
      "country": "Canada",
      "country_confidence": {
        "Canada": 1.0
      },
      "country_entropy": -1.000088900581841e-12,
      "division": "British Columbia",
      "division_confidence": {
        "British Columbia": 1.0
      },
      "division_entropy": -1.000088900581841e-12
    },
    "BritishColumbia.CAN/24.16/2/G": {
      "country": "Canada",
      "country_confidence": {
        "Canada": 1.0
      },
      "country_entropy": -1.000088900581841e-12,
      "division": "British Columbia",
      "division_confidence": {
        "British Columbia": 1.0
      },
      "division_entropy": -1.000088900581841e-12
    },
    "BritishColumbia.CAN/24.16/3/G": {
      "country": "Canada",
      "country_confidence": {
        "Canada": 0.9999999999999999
      },
      "country_entropy": -9.99866855976916e-13,
      "division": "British Columbia",
      "division_confidence": {
        "British Columbia": 0.9999999999999999
      },
      "division_entropy": -9.99866855976916e-13
    },
    "BritishColumbia.CAN/24.16/4/G": {
      "country": "Canada",
      "country_confidence": {
        "Canada": 0.9999999999999999
      },
      "country_entropy": -9.99866855976916e-13,
      "division": "British Columbia",
      "division_confidence": {
        "British Columbia": 1.0
      },
      "division_entropy": -1.000088900581841e-12
    },
    "BritishColumbia.CAN/24.16/5/G": {
      "country": "Canada",
      "country_confidence": {
        "Canada": 0.9999999999999999
      },
      "country_entropy": -9.99866855976916e-13,
      "division": "British Columbia",
      "division_confidence": {
        "British Columbia": 1.0
      },
      "division_entropy": -1.000088900581841e-12
    },
    "BritishColumbia.CAN/24.16/7/G": {
      "country": "Canada",
