Map from character to field name
A:	Africa
B:	China
C:	Europe
D:	Japan Korea
E:	North America
F:	Oceania
G:	South Asia
H:	West Asia
I:	?


Substitution rate (mu): 22.106905

Equilibrium frequencies (pi_i):
  A: 0.1215
  B: 0.1076
  C: 0.0986
  D: 0.0937
  E: 0.256
  F: 0.1154
  G: 0.0985
  H: 0.1087

Symmetrized rates from j->i (W_ij):
	A	B	C	D	E	F	G	H
  A	0	0.6691	0.6701	0.6685	0.9693	0.671	0.669	0.6704
  B	0.6691	0	0.6805	0.7208	1.2279	0.6687	0.6676	0.6685
  C	0.6701	0.6805	0	0.7195	2.6952	0.6707	0.7127	0.7364
  D	0.6685	0.7208	0.7195	0	2.6998	0.6685	0.7014	0.6742
  E	0.9693	1.2279	2.6952	2.6998	0	1.502	1.9841	1.6595
  F	0.671	0.6687	0.6707	0.6685	1.502	0	0.7961	0.6701
  G	0.669	0.6676	0.7127	0.7014	1.9841	0.7961	0	0.6711
  H	0.6704	0.6685	0.7364	0.6742	1.6595	0.6701	0.6711	0

Actual rates from j->i (Q_ij):
	A	B	C	D	E	F	G	H
  A	0	0.0813	0.0814	0.0812	0.1177	0.0815	0.0813	0.0814
  B	0.072	0	0.0732	0.0775	0.1321	0.0719	0.0718	0.0719
  C	0.066	0.0671	0	0.0709	0.2657	0.0661	0.0702	0.0726
  D	0.0626	0.0675	0.0674	0	0.253	0.0626	0.0657	0.0632
  E	0.2482	0.3144	0.69	0.6912	0	0.3845	0.508	0.4248
  F	0.0774	0.0772	0.0774	0.0771	0.1733	0	0.0919	0.0773
  G	0.0659	0.0658	0.0702	0.0691	0.1955	0.0785	0	0.0661
  H	0.0729	0.0727	0.0801	0.0733	0.1804	0.0729	0.073	0
