Map from character to field name
A:	Africa
B:	China
C:	Europe
D:	Japan Korea
E:	Oceania
F:	South Asia
G:	Southeast Asia
H:	West Asia
I:	?


Substitution rate (mu): 68.871505

Equilibrium frequencies (pi_i):
  A: 0.1535
  B: 0.1034
  C: 0.1408
  D: 0.1322
  E: 0.1171
  F: 0.1128
  G: 0.0911
  H: 0.1491

Symmetrized rates from j->i (W_ij):
	A	B	C	D	E	F	G	H
  A	0	1.4473	0.952	0.737	0.7345	1.4128	1.0575	0.7325
  B	1.4473	0	1.0289	1.4023	1.4359	1.8748	8.3345	0.721
  C	0.952	1.0289	0	0.7388	0.7378	0.9381	0.7899	0.7362
  D	0.737	1.4023	0.7388	0	0.7376	0.92	1.0679	0.7363
  E	0.7345	1.4359	0.7378	0.7376	0	0.7309	1.8173	0.7353
  F	1.4128	1.8748	0.9381	0.92	0.7309	0	1.399	1.4583
  G	1.0575	8.3345	0.7899	1.0679	1.8173	1.399	0	0.7047
  H	0.7325	0.721	0.7362	0.7363	0.7353	1.4583	0.7047	0

Actual rates from j->i (Q_ij):
	A	B	C	D	E	F	G	H
  A	0	0.2222	0.1462	0.1132	0.1128	0.2169	0.1624	0.1125
  B	0.1496	0	0.1063	0.1449	0.1484	0.1938	0.8614	0.0745
  C	0.1341	0.1449	0	0.104	0.1039	0.1321	0.1112	0.1037
  D	0.0974	0.1854	0.0977	0	0.0975	0.1216	0.1412	0.0973
  E	0.086	0.1681	0.0864	0.0863	0	0.0856	0.2127	0.0861
  F	0.1593	0.2114	0.1058	0.1037	0.0824	0	0.1577	0.1644
  G	0.0964	0.7597	0.072	0.0973	0.1656	0.1275	0	0.0642
  H	0.1092	0.1075	0.1098	0.1098	0.1096	0.2175	0.1051	0
