{
  "generated_by": {
    "program": "augur",
    "version": "14.1.0"
  },
  "models": {
    "country": {
      "alphabet": [
        "Cambodia",
        "China",
        "Eritrea",
        "France",
        "French Polynesia",
        "Germany",
        "Indonesia",
        "Japan",
        "Laos",
        "Malaysia",
        "Myanmar",
        "New Caledonia",
        "Saudi Arabia",
        "Singapore",
        "South Korea",
        "Sri Lanka",
        "Taiwan",
        "Thailand",
        "Vietnam",
        "?"
      ],
      "equilibrium_probabilities": [
        0.03121382664947891,
        0.04644431223532091,
        0.05744901409357537,
        0.05425487168524896,
        0.05589267701375611,
        0.05898226003738116,
        0.05065036432494005,
        0.05694820395151522,
        0.052792557084948365,
        0.05332122047387063,
        0.054313927082421096,
        0.05589267701375607,
        0.0574834552519642,
        0.04794928682321514,
        0.05814431079435929,
        0.051204678600549544,
        0.05451320380610676,
        0.047834920077249016,
        0.05471423300034334
      ],
      "rate": 169.3289308155678,
      "transition_matrix": [
        [
          0.0,
          1.8528435794226188,
          0.8532539212385046,
          0.850224047885206,
          0.850814236150917,
          0.849854441742252,
          0.8507084962293868,
          0.8501920671709502,
          1.4192709091183506,
          0.8503881037111249,
          0.9256515070362653,
          0.850814236150917,
          0.8532377541987974,
          1.167442383021104,
          0.8499426698225736,
          0.8502945686445652,
          1.2304876741716788,
          2.648871644342762,
          4.60113080801193
        ],
        [
          1.8528435794226188,
          0.0,
          0.8538652798191814,
          0.8488503192620798,
          0.8491880450706039,
          0.8484573718877786,
          1.2442651805352116,
          0.858494301684351,
          1.4247929727838973,
          1.2753908521282382,
          1.9227946236710833,
          0.8491880450706039,
          0.8538423106063943,
          7.370102580784477,
          0.8489231511690144,
          1.1521187065346192,
          0.9921341895282213,
          3.0392397650840057,
          2.1381957212511526
        ],
        [
          0.8532539212385046,
          0.8538652798191814,
          0.0,
          0.8541405446408276,
          0.8544149488142071,
          0.8542905120669001,
          0.8528631173323666,
          0.8544490232577125,
          0.8570426886832583,
          0.8535098958925734,
          0.8554508860064829,
          0.8544149488142069,
          0.9826671888740198,
          0.8510128294054861,
          0.8543083536139433,
          0.8535106147603275,
          0.9061419646685913,
          1.1206988100200563,
          0.8476426837786781
        ],
        [
          0.850224047885206,
          0.8488503192620798,
          0.8541405446408276,
          0.0,
          0.8524724467864325,
          0.8521431404333388,
          0.8509749504118533,
          0.8515388703063649,
          0.8501238137868882,
          0.8515518963376817,
          0.8511558878190425,
          0.8524724467864325,
          0.8541315148295094,
          0.847765292906767,
          0.852203029735073,
          0.851561857220749,
          0.8533411999185613,
          0.8520700913386631,
          1.268094370609447
        ],
        [
          0.850814236150917,
          0.8491880450706039,
          0.8544149488142071,
          0.8524724467864325,
          0.0,
          0.8523646990274847,
          0.8511381763832512,
          0.8517345648075508,
          0.8502500173118306,
          0.8517373513147958,
          0.8513304583357652,
          1.1503257943773246,
          0.8544057635257931,
          0.8481002301624856,
          0.8524217706239368,
          0.8517346850941813,
          0.8536886157339272,
          0.852282839279622,
          1.1298950021434582
        ],
        [
          0.849854441742252,
          0.8484573718877786,
          0.8542905120669001,
          0.8521431404333388,
          0.8523646990274847,
          0.0,
          0.8508567220498495,
          0.8514680636228457,
          0.8499310322553284,
          0.851483321402507,
          0.8510511522714774,
          0.8523646990274847,
          0.8542806934565538,
          0.8473836317606591,
          0.8521899213078131,
          1.2783003667572284,
          0.8533142205099915,
          0.8518884287349613,
          0.8441214987986748
        ],
        [
          0.8507084962293868,
          1.2442651805352116,
          0.8528631173323666,
          0.8509749504118533,
          0.8511381763832512,
          0.8508567220498495,
          0.0,
          0.850450817641017,
          0.8503963154484822,
          0.8515016986284594,
          0.8501813648287262,
          0.8511381763832512,
          0.8528537343004899,
          4.520488327540121,
          1.2427153183752833,
          0.8510115048847953,
          0.8529262971373366,
          0.8555989211741089,
          0.8445684845007622
        ],
        [
          0.8501920671709502,
          0.858494301684351,
          0.8544490232577125,
          0.8515388703063649,
          0.8517345648075508,
          0.8514680636228457,
          0.850450817641017,
          0.0,
          0.8506853137574446,
          0.8509702444100389,
          0.8506877151834283,
          0.8517345648075508,
          0.8544367628467767,
          1.2663964644661971,
          0.8515600061822346,
          0.851010747248106,
          0.8545732270499148,
          1.2771697847489099,
          0.844053648041132
        ],
        [
          1.4192709091183506,
          1.4247929727838973,
          0.8570426886832583,
          0.8501238137868882,
          0.8502500173118306,
          0.8499310322553284,
          0.8503963154484822,
          0.8506853137574446,
          0.0,
          0.8501200964444442,
          0.8560534772333187,
          0.8502500173118306,
          0.8570138634121517,
          1.658702600922267,
          0.8500605345676345,
          0.8515813431317051,
          0.9819089872206551,
          3.5251281627189193,
          0.8480101519088268
        ],
        [
          0.8503881037111249,
          1.2753908521282382,
          0.8535098958925734,
          0.8515518963376817,
          0.8517373513147958,
          0.851483321402507,
          0.8515016986284594,
          0.8509702444100389,
          0.8501200964444442,
          0.0,
          0.8506751906139508,
          0.8517373513147958,
          0.8535005607091288,
          3.457065951353649,
          0.8516579387964568,
          0.8512982881449819,
          0.8533981693611649,
          0.8529782009306421,
          0.844558989274771
        ],
        [
          0.9256515070362653,
          1.9227946236710833,
          0.8554508860064829,
          0.8511558878190425,
          0.8513304583357652,
          0.8510511522714774,
          0.8501813648287262,
          0.8506877151834283,
          0.8560534772333187,
          0.8506751906139508,
          0.0,
          0.8513304583357652,
          0.8554343331543904,
          0.8560854025641181,
          0.851128111055652,
          0.8508214158924907,
          0.8561664439603142,
          2.11004374390546,
          0.8455144572615857
        ],
        [
          0.850814236150917,
          0.8491880450706039,
          0.8544149488142069,
          0.8524724467864325,
          1.1503257943773246,
          0.8523646990274847,
          0.8511381763832512,
          0.8517345648075508,
          0.8502500173118306,
          0.8517373513147958,
          0.8513304583357652,
          0.0,
          0.8544057635257931,
          0.8481002301624858,
          0.8524217706239369,
          0.8517346850941813,
          0.8536886157339272,
          0.852282839279622,
          1.1298950021434484
        ],
        [
          0.8532377541987974,
          0.8538423106063943,
          0.9826671888740198,
          0.8541315148295094,
          0.8544057635257931,
          0.8542806934565538,
          0.8528537343004899,
          0.8544367628467767,
          0.8570138634121517,
          0.8535005607091288,
          0.8554343331543904,
          0.8544057635257931,
          0.0,
          0.8509946040240746,
          0.8542987421527608,
          0.853501245586893,
          0.9051969067663903,
          1.1167964963511898,
          0.8476224997899626
        ],
        [
          1.167442383021104,
          7.370102580784477,
          0.8510128294054861,
          0.847765292906767,
          0.8481002301624856,
          0.8473836317606591,
          4.520488327540121,
          1.2663964644661971,
          1.658702600922267,
          3.457065951353649,
          0.8560854025641181,
          0.8481002301624858,
          0.8509946040240746,
          0.0,
          0.9074237801792225,
          1.85270716016079,
          1.4168607765945096,
          1.6184044004513423,
          2.145045041634813
        ],
        [
          0.8499426698225736,
          0.8489231511690144,
          0.8543083536139433,
          0.852203029735073,
          0.8524217706239368,
          0.8521899213078131,
          1.2427153183752833,
          0.8515600061822346,
          0.8500605345676345,
          0.8516579387964568,
          0.851128111055652,
          0.8524217706239369,
          0.8542987421527608,
          0.9074237801792225,
          0.0,
          0.8516064195290756,
          0.8533837947733451,
          0.8519975616811876,
          0.8443439660283981
        ],
        [
          0.8502945686445652,
          1.1521187065346192,
          0.8535106147603275,
          0.851561857220749,
          0.8517346850941813,
          1.2783003667572284,
          0.8510115048847953,
          0.851010747248106,
          0.8515813431317051,
          0.8512982881449819,
          0.8508214158924907,
          0.8517346850941813,
          0.853501245586893,
          1.85270716016079,
          0.8516064195290756,
          0.0,
          0.8565665557695576,
          0.8665430615761718,
          0.8450152270724646
        ],
        [
          1.2304876741716788,
          0.9921341895282213,
          0.9061419646685913,
          0.8533411999185613,
          0.8536886157339272,
          0.8533142205099915,
          0.8529262971373366,
          0.8545732270499148,
          0.9819089872206551,
          0.8533981693611649,
          0.8561664439603142,
          0.8536886157339272,
          0.9051969067663903,
          1.4168607765945096,
          0.8533837947733451,
          0.8565665557695576,
          0.0,
          2.312396349773415,
          1.375074014956821
        ],
        [
          2.648871644342762,
          3.0392397650840057,
          1.1206988100200563,
          0.8520700913386631,
          0.852282839279622,
          0.8518884287349613,
          0.8555989211741089,
          1.2771697847489099,
          3.5251281627189193,
          0.8529782009306421,
          2.11004374390546,
          0.852282839279622,
          1.1167964963511898,
          1.6184044004513423,
          0.8519975616811876,
          0.8665430615761718,
          2.312396349773415,
          0.0,
          1.1847182501537945
        ],
        [
          4.60113080801193,
          2.1381957212511526,
          0.8476426837786781,
          1.268094370609447,
          1.1298950021434582,
          0.8441214987986748,
          0.8445684845007622,
          0.844053648041132,
          0.8480101519088268,
          0.844558989274771,
          0.8455144572615857,
          1.1298950021434484,
          0.8476224997899626,
          2.145045041634813,
          0.8443439660283981,
          0.8450152270724646,
          1.375074014956821,
          1.1847182501537945,
          0.0
        ]
      ]
    },
    "region": {
      "alphabet": [
        "Africa",
        "China",
        "Europe",
        "Japan Korea",
        "Oceania",
        "South Asia",
        "Southeast Asia",
        "West Asia",
        "?"
      ],
      "equilibrium_probabilities": [
        0.13846809538002505,
        0.061937813571355985,
        0.14510439064363895,
        0.11299205383345133,
        0.12808258267354655,
        0.09168460578512597,
        0.18296109081049275,
        0.13876936730236347
      ],
      "rate": 58.844081736211066,
      "transition_matrix": [
        [
          0.0,
          0.7268878579043297,
          0.6901164349816113,
          0.6892931946855411,
          0.6900308850704481,
          0.6889818011947342,
          0.8572768403224296,
          0.8035747685089937
        ],
        [
          0.7268878579043297,
          0.0,
          0.6797403162601123,
          0.6950752492703132,
          0.6816728967272201,
          0.7713885599854767,
          12.871313549144785,
          0.7263458460793603
        ],
        [
          0.6901164349816113,
          0.6797403162601123,
          0.0,
          0.6876526902385189,
          0.6889932596443473,
          1.0319382933054588,
          0.9538571440876795,
          0.6901039928009897
        ],
        [
          0.6892931946855411,
          0.6950752492703132,
          0.6876526902385189,
          0.0,
          0.6878586071021118,
          0.6871686179073689,
          1.6092090024889998,
          0.6892798621071432
        ],
        [
          0.6900308850704481,
          0.6816728967272201,
          0.6889932596443473,
          0.6878586071021118,
          0.0,
          0.6878592737329903,
          0.9745796431019786,
          0.6900198112047156
        ],
        [
          0.6889818011947342,
          0.7713885599854767,
          1.0319382933054588,
          0.6871686179073689,
          0.6878592737329903,
          0.0,
          1.5671920163571476,
          0.6889703608660214
        ],
        [
          0.8572768403224296,
          12.871313549144785,
          0.9538571440876795,
          1.6092090024889998,
          0.9745796431019786,
          1.5671920163571476,
          0.0,
          0.8544373388241828
        ],
        [
          0.8035747685089937,
          0.7263458460793603,
          0.6901039928009897,
          0.6892798621071432,
          0.6900198112047156,
          0.6889703608660214,
          0.8544373388241828,
          0.0
        ]
      ]
    }
  },
  "nodes": {
    "00407/95": {
      "country": "Thailand",
      "country_confidence": {
        "Thailand": 1.0
      },
      "country_entropy": -1.000088900581841e-12,
      "region": "Southeast Asia",
      "region_confidence": {
        "Southeast Asia": 0.9999999999999999
      },
      "region_entropy": -9.99866855976916e-13
    },
    "01_PK_90_L2": {
      "country": "Vietnam",
      "country_confidence": {
        "Vietnam": 1.0
      },
      "country_entropy": -1.000088900581841e-12,
      "region": "Southeast Asia",
      "region_confidence": {
        "Southeast Asia": 0.9999999999999999
      },
      "region_entropy": -9.99866855976916e-13
    },
    "01_TN_040": {
      "country": "Vietnam",
      "country_confidence": {
        "Vietnam": 1.0
      },
      "country_entropy": -1.000088900581841e-12,
      "region": "Southeast Asia",
      "region_confidence": {
        "Southeast Asia": 1.0
      },
      "region_entropy": -1.000088900581841e-12
    },
    "01_TN_056": {
      "country": "Vietnam",
      "country_confidence": {
        "Vietnam": 1.0
      },
      "country_entropy": -1.000088900581841e-12,
      "region": "Southeast Asia",
      "region_confidence": {
        "Southeast Asia": 1.0
      },
      "region_entropy": -1.000088900581841e-12
    },
    "01_TN_076": {
      "country": "Vietnam",
      "country_confidence": {
        "Vietnam": 1.0
      },
      "country_entropy": -1.000088900581841e-12,
      "region": "Southeast Asia",
      "region_confidence": {
        "Southeast Asia": 1.0
      },
      "region_entropy": -1.000088900581841e-12
    },
    "01_TN_077": {
      "country": "Vietnam",
      "country_confidence": {
        "Vietnam": 1.0
      },
      "country_entropy": -1.000088900581841e-12,
      "region": "Southeast Asia",
      "region_confidence": {
        "Southeast Asia": 1.0
      },
      "region_entropy": -1.000088900581841e-12
    },
    "01_TN_078": {
      "country": "Vietnam",
      "country_confidence": {
        "Vietnam": 1.0
      },
      "country_entropy": -1.000088900581841e-12,
      "region": "Southeast Asia",
      "region_confidence": {
        "Southeast Asia": 1.0
      },
      "region_entropy": -1.000088900581841e-12
    },
    "01_TN_081": {
      "country": "Vietnam",
      "country_confidence": {
        "Vietnam": 1.0
      },
      "country_entropy": -1.000088900581841e-12,
      "region": "Southeast Asia",
      "region_confidence": {
        "Southeast Asia": 1.0
      },
      "region_entropy": -1.000088900581841e-12
    },
    "01_TN_083": {
      "country": "Vietnam",
      "country_confidence": {
        "Vietnam": 1.0
      },
      "country_entropy": -1.000088900581841e-12,
      "region": "Southeast Asia",
      "region_confidence": {
        "Southeast Asia": 0.9999999999999999
      },
      "region_entropy": -9.99866855976916e-13
    },
    "01_TN_087": {
      "country": "Vietnam",
      "country_confidence": {
        "Vietnam": 1.0
      },
      "country_entropy": -1.000088900581841e-12,
      "region": "Southeast Asia",
      "region_confidence": {
        "Southeast Asia": 0.9999999999999999
      },
      "region_entropy": -9.99866855976916e-13
    },
    "01_TN_088": {
      "country": "Vietnam",
      "country_confidence": {
        "Vietnam": 1.0
      },
      "country_entropy": -1.000088900581841e-12,
      "region": "Southeast Asia",
      "region_confidence": {
        "Southeast Asia": 0.9999999999999999
      },
      "region_entropy": -9.99866855976916e-13
    },
    "01_TN_091": {
      "country": "Vietnam",
      "country_confidence": {
        "Vietnam": 1.0
      },
      "country_entropy": -1.000088900581841e-12,
      "region": "Southeast Asia",
      "region_confidence": {
        "Southeast Asia": 1.0
      },
      "region_entropy": -1.000088900581841e-12
    },
    "03881/92": {
      "country": "Thailand",
      "country_confidence": {
        "Thailand": 0.9999999999999999
      },
      "country_entropy": -9.99866855976916e-13,
      "region": "Southeast Asia",
      "region_confidence": {
        "Southeast Asia": 1.0
      },
      "region_entropy": -1.000088900581841e-12
    },
    "03_HD_002": {
      "country": "Vietnam",
      "country_confidence": {
        "Vietnam": 1.0
      },
      "country_entropy": -1.000088900581841e-12,
      "region": "Southeast Asia",
      "region_confidence": {
        "Southeast Asia": 0.9999999999999999
      },
      "region_entropy": -9.99866855976916e-13
    },
    "03_HD_006": {
      "country": "Vietnam",
      "country_confidence": {
        "Vietnam": 1.0
      },
      "country_entropy": -1.000088900581841e-12,
      "region": "Southeast Asia",
      "region_confidence": {
        "Southeast Asia": 0.9999999999999999
      },
      "region_entropy": -9.99866855976916e-13
    },
    "03_HD_009": {
      "country": "Vietnam",
      "country_confidence": {
        "Vietnam": 1.0
      },
      "country_entropy": -1.000088900581841e-12,
      "region": "Southeast Asia",
      "region_confidence": {
        "Southeast Asia": 0.9999999999999999
      },
      "region_entropy": -9.99866855976916e-13
    },
    "03_HD_014": {
      "country": "Vietnam",
      "country_confidence": {
        "Vietnam": 1.0
      },
      "country_entropy": -1.000088900581841e-12,
      "region": "Southeast Asia",
      "region_confidence": {
        "Southeast Asia": 1.0
      },
      "region_entropy": -1.000088900581841e-12
    },
    "03_HD_019": {
      "country": "Vietnam",
      "country_confidence": {
        "Vietnam": 1.0
      },
      "country_entropy": -1.000088900581841e-12,
      "region": "Southeast Asia",
      "region_confidence": {
        "Southeast Asia": 1.0
      },
      "region_entropy": -1.000088900581841e-12
    },
    "03_HD_022": {
      "country": "Vietnam",
      "country_confidence": {
        "Vietnam": 1.0
      },
      "country_entropy": -1.000088900581841e-12,
      "region": "Southeast Asia",
      "region_confidence": {
        "Southeast Asia": 1.0
      },
      "region_entropy": -1.000088900581841e-12
    },
    "04_HD_007": {
      "country": "Vietnam",
      "country_confidence": {
        "Vietnam": 1.0
      },
      "country_entropy": -1.000088900581841e-12,
      "region": "Southeast Asia",
      "region_confidence": {
        "Southeast Asia": 1.0
      },
      "region_entropy": -1.000088900581841e-12
    },
    "04_HD_009": {
      "country": "Vietnam",
      "country_confidence": {
        "Vietnam": 1.0
      },
      "country_entropy": -1.000088900581841e-12,
      "region": "Southeast Asia",
      "region_confidence": {
        "Southeast Asia": 1.0
      },
      "region_entropy": -1.000088900581841e-12
    },
    "04_HD_010": {
      "country": "Vietnam",
      "country_confidence": {
        "Vietnam": 1.0
      },
      "country_entropy": -1.000088900581841e-12,
      "region": "Southeast Asia",
      "region_confidence": {
        "Southeast Asia": 1.0
      },
      "region_entropy": -1.000088900581841e-12
    },
    "04_HD_015": {
      "country": "Vietnam",
      "country_confidence": {
        "Vietnam": 1.0
      },
      "country_entropy": -1.000088900581841e-12,
      "region": "Southeast Asia",
      "region_confidence": {
        "Southeast Asia": 0.9999999999999999
      },
      "region_entropy": -9.99866855976916e-13
    },
    "04_HD_018": {
      "country": "Vietnam",
      "country_confidence": {
        "Vietnam": 1.0
      },
      "country_entropy": -1.000088900581841e-12,
      "region": "Southeast Asia",
      "region_confidence": {
        "Southeast Asia": 1.0
      },
      "region_entropy": -1.000088900581841e-12
    },
    "08_HD_001": {
      "country": "Vietnam",
      "country_confidence": {
        "Vietnam": 1.0
      },
      "country_entropy": -1.000088900581841e-12,
      "region": "Southeast Asia",
      "region_confidence": {
        "Southeast Asia": 1.0
      },
      "region_entropy": -1.000088900581841e-12
    },
    "09041/DENV_1/GZ/2017": {
      "country": "China",
      "country_confidence": {
        "China": 1.0
      },
      "country_entropy": -1.000088900581841e-12,
      "region": "China",
      "region_confidence": {
        "China": 1.0
      },
      "region_entropy": -1.000088900581841e-12
    },
    "09_HD_013": {
      "country": "Vietnam",
      "country_confidence": {
        "Vietnam": 1.0
      },
      "country_entropy": -1.000088900581841e-12,
      "region": "Southeast Asia",
      "region_confidence": {
        "Southeast Asia": 0.9999999999999999
      },
      "region_entropy": -9.99866855976916e-13
    },
    "09_HD_019": {
      "country": "Vietnam",
      "country_confidence": {
        "Vietnam": 1.0
      },
      "country_entropy": -1.000088900581841e-12,
      "region": "Southeast Asia",
      "region_confidence": {
        "Southeast Asia": 0.9999999999999999
      },
      "region_entropy": -9.99866855976916e-13
    },
    "11_HD_001": {
      "country": "Vietnam",
      "country_confidence": {
        "Vietnam": 1.0
      },
      "country_entropy": -1.000088900581841e-12,
      "region": "Southeast Asia",
      "region_confidence": {
        "Southeast Asia": 0.9999999999999999
      },
      "region_entropy": -9.99866855976916e-13
    },
    "11_HD_004": {
      "country": "Vietnam",
      "country_confidence": {
        "Vietnam": 1.0
      },
      "country_entropy": -1.000088900581841e-12,
      "region": "Southeast Asia",
      "region_confidence": {
        "Southeast Asia": 1.0
      },
      "region_entropy": -1.000088900581841e-12
    },
    "11_HD_006": {
      "country": "Vietnam",
      "country_confidence": {
        "Vietnam": 1.0
      },
      "country_entropy": -1.000088900581841e-12,
      "region": "Southeast Asia",
      "region_confidence": {
        "Southeast Asia": 1.0
      },
      "region_entropy": -1.000088900581841e-12
    },
    "2008/00475": {
      "country": "France",
      "country_confidence": {
        "France": 1.0
      },
      "country_entropy": -1.000088900581841e-12,
      "region": "Europe",
      "region_confidence": {
        "Europe": 0.9999999999999999
      },
      "region_entropy": -9.99866855976916e-13
    },
    "2016_Singapore_DENV_1_NPHL": {
      "country": "Singapore",
      "country_confidence": {
        "Singapore": 1.0
      },
      "country_entropy": -1.000088900581841e-12,
      "region": "Southeast Asia",
      "region_confidence": {
        "Southeast Asia": 1.0
      },
      "region_entropy": -1.000088900581841e-12
    },
    "30231/97": {
      "country": "Thailand",
      "country_confidence": {
        "Thailand": 0.9999999999999999
      },
      "country_entropy": -9.99866855976916e-13,
      "region": "Southeast Asia",
      "region_confidence": {
        "Southeast Asia": 1.0
      },
      "region_entropy": -1.000088900581841e-12
    },
    "30399/95": {
      "country": "Thailand",
      "country_confidence": {
        "Thailand": 1.0
      },
      "country_entropy": -1.000088900581841e-12,
      "region": "Southeast Asia",
      "region_confidence": {
        "Southeast Asia": 1.0
      },
      "region_entropy": -1.000088900581841e-12
    },
    "BNI_5201": {
      "country": "Germany",
      "country_confidence": {
        "Germany": 0.9999999999999999
      },
      "country_entropy": -9.99866855976916e-13,
      "region": "Europe",
      "region_confidence": {
        "Europe": 1.0
      },
      "region_entropy": -1.000088900581841e-12
    },
    "BO15/14": {
      "country": "Indonesia",
      "country_confidence": {
        "Indonesia": 1.0
      },
      "country_entropy": -1.000088900581841e-12,
      "region": "Southeast Asia",
      "region_confidence": {
        "Southeast Asia": 1.0
      },
      "region_entropy": -1.000088900581841e-12
    },
    "CHN/GuangDong/ZhongShan/Guzhen01/2013": {
      "country": "China",
      "country_confidence": {
        "China": 0.9999999999999999
      },
      "country_entropy": -9.99866855976916e-13,
      "region": "China",
      "region_confidence": {
        "China": 1.0
      },
      "region_entropy": -1.000088900581841e-12
    },
    "CHN/GuangDong/ZhongShan/Henglan01/2013": {
      "country": "China",
      "country_confidence": {
        "China": 0.9999999999999999
      },
      "country_entropy": -9.99866855976916e-13,
      "region": "China",
      "region_confidence": {
        "China": 1.0
      },
      "region_entropy": -1.000088900581841e-12
    },
    "CHN/GuangDong/ZhongShan/HuangPu01/2013": {
      "country": "China",
      "country_confidence": {
        "China": 1.0
      },
      "country_entropy": -1.000088900581841e-12,
      "region": "China",
      "region_confidence": {
        "China": 1.0
      },
      "region_entropy": -1.000088900581841e-12
    },
    "D1/Hu/Chiba/NIID153/2014": {
      "country": "Japan",
      "country_confidence": {
        "Japan": 1.0
      },
      "country_entropy": -1.000088900581841e-12,
      "region": "Japan Korea",
      "region_confidence": {
        "Japan Korea": 1.0
      },
      "region_entropy": -1.000088900581841e-12
    },
    "D1/Hu/Hyogo/NIID188/2014": {
      "country": "Japan",
      "country_confidence": {
        "Japan": 1.0
      },
      "country_entropy": -1.000088900581841e-12,
      "region": "Japan Korea",
      "region_confidence": {
        "Japan Korea": 1.0
      },
      "region_entropy": -1.000088900581841e-12
    },
    "D1/Hu/Saitama/NIID100/2014": {
      "country": "Japan",
      "country_confidence": {
        "Japan": 0.9999999999999999
      },
      "country_entropy": -9.99866855976916e-13,
      "region": "Japan Korea",
      "region_confidence": {
        "Japan Korea": 1.0
      },
      "region_entropy": -1.000088900581841e-12
    },
    "D1/Hu/Shizuoka/NIID181/2014": {
      "country": "Japan",
      "country_confidence": {
        "Japan": 1.0
      },
      "country_entropy": -1.000088900581841e-12,
      "region": "Japan Korea",
      "region_confidence": {
        "Japan Korea": 1.0
      },
      "region_entropy": -1.000088900581841e-12
    },
    "D1/Hu/Tokyo/NIID111/2014": {
      "country": "Japan",
      "country_confidence": {
        "Japan": 0.9999999999999999
      },
      "country_entropy": -9.99866855976916e-13,
      "region": "Japan Korea",
      "region_confidence": {
        "Japan Korea": 1.0
      },
      "region_entropy": -1.000088900581841e-12
    },
    "D1/Hu/Tokyo/NIID149/2014": {
      "country": "Japan",
      "country_confidence": {
        "Japan": 1.0
      },
      "country_entropy": -1.000088900581841e-12,
      "region": "Japan Korea",
      "region_confidence": {
        "Japan Korea": 1.0
      },
      "region_entropy": -1.000088900581841e-12
    },
    "D1/SG/05K2887DK1/2005": {
      "country": "Singapore",
      "country_confidence": {
        "Singapore": 1.0
      },
      "country_entropy": -1.000088900581841e-12,
      "region": "Southeast Asia",
      "region_confidence": {
        "Southeast Asia": 1.0
      },
      "region_entropy": -1.000088900581841e-12
    },
    "D1/SG/05K2901DK1/2005": {
      "country": "Singapore",
      "country_confidence": {
        "Singapore": 0.9999999999999999
      },
      "country_entropy": -9.99866855976916e-13,
      "region": "Southeast Asia",
      "region_confidence": {
        "Southeast Asia": 1.0
      },
      "region_entropy": -1.000088900581841e-12
    },
    "D1/SG/05K2928DK1/2005": {
      "country": "Singapore",
      "country_confidence": {
        "Singapore": 1.0
      },
      "country_entropy": -1.000088900581841e-12,
      "region": "Southeast Asia",
      "region_confidence": {
        "Southeast Asia": 1.0
      },
      "region_entropy": -1.000088900581841e-12
    },
    "D1/SG/05K3297DK1/2005": {
      "country": "Singapore",
      "country_confidence": {
        "Singapore": 0.9999999999999999
      },
      "country_entropy": -9.99866855976916e-13,
      "region": "Southeast Asia",
      "region_confidence": {
        "Southeast Asia": 1.0
      },
      "region_entropy": -1.000088900581841e-12
    },
    "D1/SG/05K3300DK1/2005": {
      "country": "Singapore",
      "country_confidence": {
        "Singapore": 1.0
      },
      "country_entropy": -1.000088900581841e-12,
      "region": "Southeast Asia",
      "region_confidence": {
        "Southeast Asia": 1.0
      },
      "region_entropy": -1.000088900581841e-12
    },
    "D1/SG/05K3886DK1/2005": {
      "country": "Singapore",
      "country_confidence": {
        "Singapore": 1.0
      },
      "country_entropy": -1.000088900581841e-12,
      "region": "Southeast Asia",
      "region_confidence": {
        "Southeast Asia": 1.0
      },
      "region_entropy": -1.000088900581841e-12
    },
    "D1/SG/05K3904DK1/2005": {
      "country": "Singapore",
      "country_confidence": {
        "Singapore": 0.9999999999999999
      },
      "country_entropy": -9.99866855976916e-13,
      "region": "Southeast Asia",
      "region_confidence": {
        "Southeast Asia": 1.0
      },
      "region_entropy": -1.000088900581841e-12
    },
    "D1/SG/05K3908DK1/2005": {
      "country": "Singapore",
      "country_confidence": {
        "Singapore": 1.0
      },
      "country_entropy": -1.000088900581841e-12,
      "region": "Southeast Asia",
      "region_confidence": {
        "Southeast Asia": 1.0
      },
      "region_entropy": -1.000088900581841e-12
    },
    "D1/SG/05K3916DK1/2005": {
      "country": "Singapore",
      "country_confidence": {
        "Singapore": 1.0
      },
      "country_entropy": -1.000088900581841e-12,
      "region": "Southeast Asia",
      "region_confidence": {
        "Southeast Asia": 1.0
      },
      "region_entropy": -1.000088900581841e-12
    },
    "D1/SG/05K4172DK1/2005": {
      "country": "Singapore",
      "country_confidence": {
        "Singapore": 1.0
      },
      "country_entropy": -1.000088900581841e-12,
      "region": "Southeast Asia",
      "region_confidence": {
        "Southeast Asia": 1.0
      },
      "region_entropy": -1.000088900581841e-12
    },
    "D1/SG/05K4173DK1/2005": {
      "country": "Singapore",
      "country_confidence": {
        "Singapore": 1.0
      },
      "country_entropy": -1.000088900581841e-12,
      "region": "Southeast Asia",
      "region_confidence": {
        "Southeast Asia": 1.0
      },
      "region_entropy": -1.000088900581841e-12
    },
    "D1/SG/05K4174DK1/2005": {
      "country": "Singapore",
      "country_confidence": {
        "Singapore": 1.0
      },
      "country_entropy": -1.000088900581841e-12,
      "region": "Southeast Asia",
      "region_confidence": {
        "Southeast Asia": 1.0
      },
      "region_entropy": -1.000088900581841e-12
    },
    "D1/SG/05K4175DK1/2005": {
      "country": "Singapore",
      "country_confidence": {
        "Singapore": 1.0
      },
      "country_entropy": -1.000088900581841e-12,
      "region": "Southeast Asia",
      "region_confidence": {
        "Southeast Asia": 1.0
      },
      "region_entropy": -1.000088900581841e-12
    },
    "D1/SG/05K4441DK1/2005": {
      "country": "Singapore",
      "country_confidence": {
        "Singapore": 1.0
      },
      "country_entropy": -1.000088900581841e-12,
      "region": "Southeast Asia",
      "region_confidence": {
        "Southeast Asia": 1.0
      },
      "region_entropy": -1.000088900581841e-12
    },
    "D1/SG/05K4468DK1/2005": {
      "country": "Singapore",
      "country_confidence": {
        "Singapore": 0.9999999999999999
      },
      "country_entropy": -9.99866855976916e-13,
      "region": "Southeast Asia",
      "region_confidence": {
        "Southeast Asia": 1.0
      },
      "region_entropy": -1.000088900581841e-12
    },
    "D1/SG/05K4604DK1/2005": {
      "country": "Singapore",
      "country_confidence": {
        "Singapore": 0.9999999999999999
      },
      "country_entropy": -9.99866855976916e-13,
      "region": "Southeast Asia",
      "region_confidence": {
        "Southeast Asia": 1.0
      },
      "region_entropy": -1.000088900581841e-12
    },
    "D1/SG/05K4605DK1/2005": {
      "country": "Singapore",
      "country_confidence": {
        "Singapore": 0.9999999999999999
      },
      "country_entropy": -9.99866855976916e-13,
      "region": "Southeast Asia",
      "region_confidence": {
        "Southeast Asia": 0.9999999999999999
      },
      "region_entropy": -9.99866855976916e-13
    },
    "D1/SG/05K4606DK1/2005": {
      "country": "Singapore",
      "country_confidence": {
        "Singapore": 0.9999999999999999
      },
      "country_entropy": -9.99866855976916e-13,
      "region": "Southeast Asia",
      "region_confidence": {
        "Southeast Asia": 1.0
      },
      "region_entropy": -1.000088900581841e-12
    },
    "D1/SG/05K4609DK1/2005": {
      "country": "Singapore",
      "country_confidence": {
        "Singapore": 0.9999999999999999
      },
      "country_entropy": -9.99866855976916e-13,
      "region": "Southeast Asia",
      "region_confidence": {
        "Southeast Asia": 1.0
      },
      "region_entropy": -1.000088900581841e-12
    },
    "D1/SG/05K4620DK1/2005": {
      "country": "Singapore",
      "country_confidence": {
        "Singapore": 0.9999999999999999
      },
      "country_entropy": -9.99866855976916e-13,
      "region": "Southeast Asia",
      "region_confidence": {
        "Southeast Asia": 1.0
      },
      "region_entropy": -1.000088900581841e-12
    },
    "D1/SG/05K4820DK1/2005": {
      "country": "Singapore",
      "country_confidence": {
        "Singapore": 0.9999999999999999
      },
      "country_entropy": -9.99866855976916e-13,
      "region": "Southeast Asia",
      "region_confidence": {
        "Southeast Asia": 0.9999999999999999
      },
      "region_entropy": -9.99866855976916e-13
    },
    "D1/SG/05K847DK1/2005": {
      "country": "Singapore",
      "country_confidence": {
        "Singapore": 1.0
      },
      "country_entropy": -1.000088900581841e-12,
      "region": "Southeast Asia",
      "region_confidence": {
        "Southeast Asia": 1.0
      },
      "region_entropy": -1.000088900581841e-12
    },
    "D1/SG/05K872DK1/2005": {
      "country": "Singapore",
      "country_confidence": {
        "Singapore": 1.0
      },
      "country_entropy": -1.000088900581841e-12,
      "region": "Southeast Asia",
      "region_confidence": {
        "Southeast Asia": 1.0
      },
      "region_entropy": -1.000088900581841e-12
    },
    "D1/SG/06K2236DK1/2006": {
      "country": "Singapore",
      "country_confidence": {
        "Singapore": 1.0
      },
      "country_entropy": -1.000088900581841e-12,
      "region": "Southeast Asia",
      "region_confidence": {
        "Southeast Asia": 1.0
      },
      "region_entropy": -1.000088900581841e-12
    },
    "D1/SG/CT9/2012": {
      "country": "Singapore",
      "country_confidence": {
        "Singapore": 1.0
      },
      "country_entropy": -1.000088900581841e-12,
      "region": "Southeast Asia",
      "region_confidence": {
        "Southeast Asia": 1.0
      },
      "region_entropy": -1.000088900581841e-12
    },
    "D1/Taiwan/709TN0706a": {
      "country": "Taiwan",
      "country_confidence": {
        "Taiwan": 0.9999999999999999
      },
      "country_entropy": -9.99866855976916e-13,
      "region": "China",
      "region_confidence": {
        "China": 1.0
      },
      "region_entropy": -1.000088900581841e-12
    },
    "D1/Taiwan/806KH1405a": {
      "country": "Taiwan",
      "country_confidence": {
        "Taiwan": 1.0
      },
      "country_entropy": -1.000088900581841e-12,
      "region": "China",
      "region_confidence": {
        "China": 1.0
      },
      "region_entropy": -1.000088900581841e-12
    },
    "D1/Taiwan/813KH9809b": {
      "country": "Taiwan",
      "country_confidence": {
        "Taiwan": 1.0
      },
      "country_entropy": -1.000088900581841e-12,
      "region": "China",
      "region_confidence": {
        "China": 1.0
      },
      "region_entropy": -1.000088900581841e-12
    },
    "D1Myanmar059/01": {
      "country": "Myanmar",
      "country_confidence": {
        "Myanmar": 1.0
      },
      "country_entropy": -1.000088900581841e-12,
      "region": "Southeast Asia",
      "region_confidence": {
        "Southeast Asia": 0.9999999999999999
      },
      "region_entropy": -9.99866855976916e-13
    },
    "D1Myanmar194/01": {
      "country": "Myanmar",
      "country_confidence": {
        "Myanmar": 1.0
      },
      "country_entropy": -1.000088900581841e-12,
      "region": "Southeast Asia",
      "region_confidence": {
        "Southeast Asia": 1.0
      },
      "region_entropy": -1.000088900581841e-12
    },
    "D1Myanmar206/01": {
      "country": "Myanmar",
      "country_confidence": {
        "Myanmar": 1.0
      },
      "country_entropy": -1.000088900581841e-12,
      "region": "Southeast Asia",
      "region_confidence": {
        "Southeast Asia": 0.9999999999999999
      },
      "region_entropy": -9.99866855976916e-13
    },
    "D1Myanmar305/01": {
      "country": "Myanmar",
      "country_confidence": {
        "Myanmar": 1.0
      },
      "country_entropy": -1.000088900581841e-12,
      "region": "Southeast Asia",
      "region_confidence": {
        "Southeast Asia": 1.0
      },
