{
  "generated_by": {
    "program": "augur",
    "version": "14.1.0"
  },
  "models": {
    "country": {
      "alphabet": [
        "Angola",
        "Australia",
        "Bangladesh",
        "Brunei",
        "Burkina Faso",
        "China",
        "France",
        "Guam",
        "India",
        "Indonesia",
        "Kenya",
        "Malaysia",
        "Pakistan",
        "Papua New Guinea",
        "Philippines",
        "Saudi Arabia",
        "Seychelles",
        "Singapore",
        "South Korea",
        "Sri Lanka",
        "Taiwan",
        "Tanzania",
        "Thailand",
        "Vietnam",
        "?"
      ],
      "equilibrium_probabilities": [
        0.04262423485683612,
        0.04507192282260127,
        0.04269621395250998,
        0.04396252598368429,
        0.04555055483780533,
        0.03688751187710988,
        0.04356487722156415,
        0.043155331593486126,
        0.03850763879824398,
        0.03652532099695632,
        0.0448260627260016,
        0.03515607462440944,
        0.04613626901373001,
        0.0416119378957945,
        0.042778663368497054,
        0.045904855549968586,
        0.04455828346783356,
        0.03030917306079216,
        0.039695011704763555,
        0.04406905206027398,
        0.03911023754295206,
        0.04260240641403335,
        0.04171385117947391,
        0.04298198845067868
      ],
      "rate": 121.58688469995467,
      "transition_matrix": [
        [
          0.0,
          0.9579026734711602,
          0.9577118529910986,
          0.9578488437840922,
          0.9571283838509135,
          1.4292597443263972,
          0.9583106649489347,
          0.9578553654670258,
          0.9559759605632019,
          0.956682830635422,
          0.9571043284122462,
          0.956320942342938,
          0.957096844028969,
          0.9575816366105298,
          0.9571882087241637,
          0.9577330255464168,
          0.9579215868841476,
          0.9530300890144138,
          0.9591488399330351,
          0.9577787819161259,
          0.9574768427704297,
          0.9577761348468302,
          0.9576668329214206,
          0.957815149747771
        ],
        [
          0.9579026734711602,
          0.0,
          0.9578378473924398,
          0.9579724824780271,
          0.9572088732725198,
          1.4423558844479385,
          0.958462506067807,
          0.9579735964003335,
          0.9555316995835417,
          0.9612925487750792,
          0.9571749440414559,
          1.2758796947961042,
          0.9571700088666885,
          1.4338672500238794,
          1.2965268789580942,
          0.9578431568112681,
          0.9580392697596523,
          0.953284306485949,
          0.9581092355606553,
          0.9578866819512177,
          0.9578196082500299,
          0.9579057409581013,
          0.9577878398272521,
          0.9579368817304693
        ],
        [
          0.9577118529910986,
          0.9578378473924398,
          0.0,
          0.9577861761857934,
          0.9570626842703993,
          1.4275181535633867,
          0.9582485135165842,
          0.9577938963941003,
          0.9554343449476801,
          0.9566254157246067,
          0.9570390771589105,
          0.9565448472393522,
          0.9570294379652157,
          0.9575213165117108,
          0.9571246694180616,
          0.9576677623384103,
          0.9578580300166175,
          0.9530302614166636,
          0.9578959624114073,
          0.9577151525120842,
          0.9574185440649189,
          0.9577147314568504,
          0.9576065504426801,
          0.9577536097063145
        ],
        [
          0.9578488437840922,
          0.9579724824780271,
          0.9577861761857934,
          0.0,
          0.9572165981408376,
          1.084217032618664,
          0.9583574775779621,
          0.961677576434594,
          0.955972044177776,
          1.267669823122542,
          0.9571217461239369,
          0.9565258660714842,
          0.9571140339653558,
          0.9577436921575846,
          0.957227139681438,
          0.9577717205549758,
          0.9579632454225029,
          1.019241426513642,
          0.9580448135648175,
          0.9578165823066503,
          0.9575528017774704,
          0.9578504411180521,
          0.9577704125606387,
          0.9578853152182648
        ],
        [
          0.9571283838509135,
          0.9572088732725198,
          0.9570626842703993,
          0.9572165981408376,
          0.0,
          0.9510144985038624,
          0.9575958978472716,
          0.9572126599810805,
          0.9552010964482556,
          1.4345970796892178,
          0.9563852198598112,
          0.9556620338575683,
          0.9563584987712159,
          0.9569607475901575,
          0.956407673243607,
          0.9570404690049572,
          0.957260896106422,
          0.9521231268770409,
          0.9572824650555248,
          0.9571178491013326,
          0.9567647448344506,
          0.9571296147828006,
          0.9570265083663215,
          0.9571495535921086
        ],
        [
          1.4292597443263972,
          1.4423558844479385,
          1.4275181535633867,
          1.084217032618664,
          0.9510144985038624,
          0.0,
          1.2372789646954359,
          1.0671789854099019,
          2.2742513715524395,
          2.8359526463921836,
          0.9510503341824137,
          3.291414736289886,
          0.9511117286880438,
          1.42474286599079,
          1.82055357580431,
          0.9513238363282062,
          0.9520750864935322,
          5.490557569920996,
          1.8615692071114414,
          0.9520259813148851,
          2.1340653725464294,
          1.432202949126715,
          1.4332487981367412,
          1.1778804179454556
        ],
        [
          0.9583106649489347,
          0.958462506067807,
          0.9582485135165842,
          0.9583574775779621,
          0.9575958978472716,
          1.2372789646954359,
          0.0,
          0.9584367855821021,
          1.24081153359172,
          0.9606149276813455,
          0.957649567716772,
          0.957303075187237,
          0.9577414314610013,
          0.9581004642619851,
          0.9581029958866528,
          0.9582126123152476,
          1.2508527521070656,
          1.1130231342732901,
          0.9587637114685191,
          0.9584527847052949,
          1.099497468117143,
          0.9583125136707766,
          0.9583376082341957,
          0.9583880069037622
        ],
        [
          0.9578553654670258,
          0.9579735964003335,
          0.9577938963941003,
          0.961677576434594,
          0.9572126599810805,
          1.0671789854099019,
          0.9584367855821021,
          0.0,
          0.9556549856782025,
          0.9925956048944384,
          0.9571578543020948,
          0.9565533141283786,
          0.957150462009692,
          0.957684387540761,
          0.9572541533664822,
          0.9577965146534189,
          0.9579841751284675,
          1.2919780863509585,
          0.9580574951883476,
          0.9578384088840158,
          0.9576096842682139,
          0.9578571756189767,
          0.9577977075791507,
          0.9579183018331383
        ],
        [
          0.9559759605632019,
          0.9555316995835417,
          0.9554343449476801,
          0.955972044177776,
          0.9552010964482556,
          2.2742513715524395,
          1.24081153359172,
          0.9556549856782025,
          0.0,
          1.404461387168798,
          1.4398905004983247,
          0.9550101210915763,
          1.5839389340224532,
          0.9559357894355511,
          0.9552164529163365,
          0.955295657691379,
          1.3424772304408616,
          1.1502278872360014,
          1.2145824305267507,
          1.817038538383972,
          0.9559012933835379,
          0.9555049332618789,
          0.9554608807323822,
          0.9555482778038736
        ],
        [
          0.956682830635422,
          0.9612925487750792,
          0.9566254157246067,
          1.267669823122542,
          1.4345970796892178,
          2.8359526463921836,
          0.9606149276813455,
          0.9925956048944384,
          1.404461387168798,
          0.0,
          0.9562951469609257,
          0.9614233383214874,
          0.9569413528070919,
          1.4403282965075157,
          0.9590394498165343,
          0.9564086033200385,
          0.9569909466585915,
          2.3656097650190846,
          0.9577504584717288,
          0.9582956837875385,
          0.9596506388687379,
          0.9566975560895534,
          0.9567543789056873,
          0.9653181344060711
        ],
        [
          0.9571043284122462,
          0.9571749440414559,
          0.9570390771589105,
          0.9571217461239369,
          0.9563852198598112,
          0.9510503341824137,
          0.957649567716772,
          0.9571578543020948,
          1.4398905004983247,
          0.9562951469609257,
          0.0,
          0.9556592529666484,
          0.9564591420975803,
          0.956903248734183,
          0.9563893912219318,
          0.9570146091723892,
          0.9573275608585157,
          0.9520706001329853,
          0.9573408462277593,
          0.9572137379373403,
          0.9567435714829244,
          0.9571050131134767,
          0.9570042450029151,
          0.9571153558079357
        ],
        [
          0.956320942342938,
          1.2758796947961042,
          0.9565448472393522,
          0.9565258660714842,
          0.9556620338575683,
          3.291414736289886,
          0.957303075187237,
          0.9565533141283786,
          0.9550101210915763,
          0.9614233383214874,
          0.9556592529666484,
          0.0,
          0.9556105435014168,
          0.9563381343521754,
          1.2837605412472088,
          0.9561389726263883,
          0.9563426740532471,
          1.5305438136319705,
          0.957975961137547,
          0.9562436665054143,
          0.958684233105257,
          0.9563377391383817,
          0.9562944113370402,
          0.9565315418366264
        ],
        [
          0.957096844028969,
          0.9571700088666885,
          0.9570294379652157,
          0.9571140339653558,
          0.9563584987712159,
          0.9511117286880438,
          0.9577414314610013,
          0.957150462009692,
          1.5839389340224532,
          0.9569413528070919,
          0.9564591420975803,
          0.9556105435014168,
          0.0,
          0.9568909514663458,
          0.9563593600612814,
          1.435822868437943,
          0.9574299936240097,
          0.9519788478942923,
          0.9574216477387045,
          1.3856308017060397,
          0.9567250034170156,
          0.9570974577776966,
          0.9569936637020096,
          0.9571064578080031
        ],
        [
          0.9575816366105298,
          1.4338672500238794,
          0.9575213165117108,
          0.9577436921575846,
          0.9569607475901575,
          1.42474286599079,
          0.9581004642619851,
          0.957684387540761,
          0.9559357894355511,
          1.4403282965075157,
          0.956903248734183,
          0.9563381343521754,
          0.9568909514663458,
          0.0,
          0.9571258632953812,
          0.9575119521976557,
          0.9577019879582189,
          0.9544698110716138,
          0.9577834549846418,
          0.9575673815451553,
          0.9573312813019244,
          0.9575845796429504,
          0.9574832595976706,
          0.9576250138888824
        ],
        [
          0.9571882087241637,
          1.2965268789580942,
          0.9571246694180616,
          0.957227139681438,
          0.956407673243607,
          1.82055357580431,
          0.9581029958866528,
          0.9572541533664822,
          0.9552164529163365,
          0.9590394498165343,
          0.9563893912219318,
          1.2837605412472088,
          0.9563593600612814,
          0.9571258632953812,
          0.0,
          0.9570028032642119,
          0.9572123738900522,
          1.0167329851435194,
          0.9575919831932662,
          0.9570767287114956,
          1.7234893408226604,
          0.9571940231959379,
          0.9571363207769349,
          0.9572343074933282
        ],
        [
          0.9577330255464168,
          0.9578431568112681,
          0.9576677623384103,
          0.9577717205549758,
          0.9570404690049572,
          0.9513238363282062,
          0.9582126123152476,
          0.9577965146534189,
          0.955295657691379,
          0.9564086033200385,
          0.9570146091723892,
          0.9561389726263883,
          1.435822868437943,
          0.9575119521976557,
          0.9570028032642119,
          0.0,
          0.9578945275778754,
          0.9523777586719301,
          0.9578464060058447,
          0.9578522810133929,
          0.957310202362164,
          0.9577339405684051,
          0.957617150830481,
          0.957750278015524
        ],
        [
          0.9579215868841476,
          0.9580392697596523,
          0.9578580300166175,
          0.9579632454225029,
          0.957260896106422,
          0.9520750864935322,
          1.2508527521070656,
          0.9579841751284675,
          1.3424772304408616,
          0.9569909466585915,
          0.9573275608585157,
          0.9563426740532471,
          0.9574299936240097,
          0.9577019879582189,
          0.9572123738900522,
          0.9578945275778754,
          0.0,
          0.9528577709057979,
          0.9581314597458838,
          0.9581702717643268,
          0.9576041639611435,
          0.9579220451318957,
          0.957804823774978,
          0.9579384647534591
        ],
        [
          0.9530300890144138,
          0.953284306485949,
          0.9530302614166636,
          1.019241426513642,
          0.9521231268770409,
          5.490557569920996,
          1.1130231342732901,
          1.2919780863509585,
          1.1502278872360014,
          2.3656097650190846,
          0.9520706001329853,
          1.5305438136319705,
          0.9519788478942923,
          0.9544698110716138,
          1.0167329851435194,
          0.9523777586719301,
          0.9528577709057979,
          0.0,
          1.4251518821237672,
          0.9527055770121395,
          1.0702867632940716,
          0.9537155801423677,
          1.4296155957657586,
          1.202324043033594
        ],
        [
          0.9591488399330351,
          0.9581092355606553,
          0.9578959624114073,
          0.9580448135648175,
          0.9572824650555248,
          1.8615692071114414,
          0.9587637114685191,
          0.9580574951883476,
          1.2145824305267507,
          0.9577504584717288,
          0.9573408462277593,
          0.957975961137547,
          0.9574216477387045,
          0.9577834549846418,
          0.9575919831932662,
          0.9578464060058447,
          0.9581314597458838,
          1.4251518821237672,
          0.0,
          0.9580832261253134,
          0.9579555242898746,
          0.9579596361144674,
          0.9578552841481054,
          0.9580370427929006
        ],
        [
          0.9577787819161259,
          0.9578866819512177,
          0.9577151525120842,
          0.9578165823066503,
          0.9571178491013326,
          0.9520259813148851,
          0.9584527847052949,
          0.9578384088840158,
          1.817038538383972,
          0.9582956837875385,
          0.9572137379373403,
          0.9562436665054143,
          1.3856308017060397,
          0.9575673815451553,
          0.9570767287114956,
          0.9578522810133929,
          0.9581702717643268,
          0.9527055770121395,
          0.9580832261253134,
          0.0,
          0.9573709311269207,
          0.9577788109649027,
          0.9576659744682791,
          0.9577934248532421
        ],
        [
          0.9574768427704297,
          0.9578196082500299,
          0.9574185440649189,
          0.9575528017774704,
          0.9567647448344506,
          2.1340653725464294,
          1.099497468117143,
          0.9576096842682139,
          0.9559012933835379,
          0.9596506388687379,
          0.9567435714829244,
          0.958684233105257,
          0.9567250034170156,
          0.9573312813019244,
          1.7234893408226604,
          0.957310202362164,
          0.9576041639611435,
          1.0702867632940716,
          0.9579555242898746,
          0.9573709311269207,
          0.0,
          0.9574837469264501,
          0.9575059395966247,
          0.9575821036970025
        ],
        [
          0.9577761348468302,
          0.9579057409581013,
          0.9577147314568504,
          0.9578504411180521,
          0.9571296147828006,
          1.432202949126715,
          0.9583125136707766,
          0.9578571756189767,
          0.9555049332618789,
          0.9566975560895534,
          0.9571050131134767,
          0.9563377391383817,
          0.9570974577776966,
          0.9575845796429504,
          0.9571940231959379,
          0.9577339405684051,
          0.9579220451318957,
          0.9537155801423677,
          0.9579596361144674,
          0.9577788109649027,
          0.9574837469264501,
          0.0,
          0.9576704438332121,
          0.9578177362966879
        ],
        [
          0.9576668329214206,
          0.9577878398272521,
          0.9576065504426801,
          0.9577704125606387,
          0.9570265083663215,
          1.4332487981367412,
          0.9583376082341957,
          0.9577977075791507,
          0.9554608807323822,
          0.9567543789056873,
          0.9570042450029151,
          0.9562944113370402,
          0.9569936637020096,
          0.9574832595976706,
          0.9571363207769349,
          0.957617150830481,
          0.957804823774978,
          1.4296155957657586,
          0.9578552841481054,
          0.9576659744682791,
          0.9575059395966247,
          0.9576704438332121,
          0.0,
          0.9577498589927771
        ],
        [
          0.957815149747771,
          0.9579368817304693,
          0.9577536097063145,
          0.9578853152182648,
          0.9571495535921086,
          1.1778804179454556,
          0.9583880069037622,
          0.9579183018331383,
          0.9555482778038736,
          0.9653181344060711,
          0.9571153558079357,
          0.9565315418366264,
          0.9571064578080031,
          0.9576250138888824,
          0.9572343074933282,
          0.957750278015524,
          0.9579384647534591,
          1.202324043033594,
          0.9580370427929006,
          0.9577934248532421,
          0.9575821036970025,
          0.9578177362966879,
          0.9577498589927771,
          0.0
        ]
      ]
    },
    "region": {
      "alphabet": [
        "Africa",
        "China",
        "Europe",
        "Japan Korea",
        "Oceania",
        "South Asia",
        "Southeast Asia",
        "West Asia",
        "?"
      ],
      "equilibrium_probabilities": [
        0.1535394536999163,
        0.10335642056944962,
        0.1408271172473196,
        0.13219678217392014,
        0.11705578780781022,
        0.11275884542324036,
        0.09114857118005383,
        0.14911702189828985
      ],
      "rate": 68.87150533528212,
      "transition_matrix": [
        [
          0.0,
          1.447263335693695,
          0.9519997663640136,
          0.7370259497393903,
          0.7345421864145943,
          1.4127987350403004,
          1.0575318632822135,
          0.7324694112984669
        ],
        [
          1.447263335693695,
          0.0,
          1.0288810057435367,
          1.4022556423562227,
          1.435859001890877,
          1.8748184737385045,
          8.334486414675474,
          0.7210408310981052
        ],
        [
          0.9519997663640136,
          1.0288810057435367,
          0.0,
          0.7387735546817683,
          0.7377706914841364,
          0.9380737447177169,
          0.7899037369920815,
          0.7362486934653432
        ],
        [
          0.7370259497393903,
          1.4022556423562227,
          0.7387735546817683,
          0.0,
          0.7375692329153601,
          0.9199642164787414,
          1.0678552817784026,
          0.7362976321363368
        ],
        [
          0.7345421864145943,
          1.435859001890877,
          0.7377706914841364,
          0.7375692329153601,
          0.0,
          0.7308592888422056,
          1.8173301675529665,
          0.735320048423551
        ],
        [
          1.4127987350403004,
          1.8748184737385045,
          0.9380737447177169,
          0.9199642164787414,
          0.7308592888422056,
          0.0,
          1.3989730691447346,
          1.4583265384924644
        ],
        [
          1.0575318632822135,
          8.334486414675474,
          0.7899037369920815,
          1.0678552817784026,
          1.8173301675529665,
          1.3989730691447346,
          0.0,
          0.7047469909390478
        ],
        [
          0.7324694112984669,
          0.7210408310981052,
          0.7362486934653432,
          0.7362976321363368,
          0.735320048423551,
          1.4583265384924644,
          0.7047469909390478,
          0.0
        ]
      ]
    }
  },
  "nodes": {
    "01_St_206": {
      "country": "Philippines",
      "country_confidence": {
        "Philippines": 0.9999999999999999
      },
      "country_entropy": -9.99866855976916e-13,
      "region": "Southeast Asia",
      "region_confidence": {
        "Southeast Asia": 1.0
      },
      "region_entropy": -1.000088900581841e-12
    },
    "05_Sa_018": {
      "country": "Philippines",
      "country_confidence": {
        "Philippines": 0.9999999999999999
      },
      "country_entropy": -9.99866855976916e-13,
      "region": "Southeast Asia",
      "region_confidence": {
        "Southeast Asia": 1.0
      },
      "region_entropy": -1.000088900581841e-12
    },
    "1018_DF_12/03/2001": {
      "country": "Taiwan",
      "country_confidence": {
        "Taiwan": 1.0
      },
      "country_entropy": -1.000088900581841e-12,
      "region": "China",
      "region_confidence": {
        "China": 1.0
      },
      "region_entropy": -1.000088900581841e-12
    },
    "1024_DHF_12/07/2001": {
      "country": "Taiwan",
      "country_confidence": {
        "Taiwan": 1.0
      },
      "country_entropy": -1.000088900581841e-12,
      "region": "China",
      "region_confidence": {
        "China": 1.0
      },
      "region_entropy": -1.000088900581841e-12
    },
    "1183_DF_06/17/2002": {
      "country": "Taiwan",
      "country_confidence": {
        "Taiwan": 1.0
      },
      "country_entropy": -1.000088900581841e-12,
      "region": "China",
      "region_confidence": {
        "China": 0.9999999999999999
      },
      "region_entropy": -9.99866855976916e-13
    },
    "1222_DF_06/24/2002": {
      "country": "Taiwan",
      "country_confidence": {
        "Taiwan": 1.0
      },
      "country_entropy": -1.000088900581841e-12,
      "region": "China",
      "region_confidence": {
        "China": 1.0
      },
      "region_entropy": -1.000088900581841e-12
    },
    "1421_DF_07/16/2002": {
      "country": "Taiwan",
      "country_confidence": {
        "Taiwan": 1.0
      },
      "country_entropy": -1.000088900581841e-12,
      "region": "China",
      "region_confidence": {
        "China": 1.0
      },
      "region_entropy": -1.000088900581841e-12
    },
    "1464_DHF_07/20/2002": {
      "country": "Taiwan",
      "country_confidence": {
        "Taiwan": 1.0
      },
      "country_entropy": -1.000088900581841e-12,
      "region": "China",
      "region_confidence": {
        "China": 0.9999999999999999
      },
      "region_entropy": -9.99866855976916e-13
    },
    "1945_DHF_08/18/2002": {
      "country": "Taiwan",
      "country_confidence": {
        "Taiwan": 1.0
      },
      "country_entropy": -1.000088900581841e-12,
      "region": "China",
      "region_confidence": {
        "China": 1.0
      },
      "region_entropy": -1.000088900581841e-12
    },
    "1949_DF_08/19/2002": {
      "country": "Taiwan",
      "country_confidence": {
        "Taiwan": 1.0
      },
      "country_entropy": -1.000088900581841e-12,
      "region": "China",
      "region_confidence": {
        "China": 1.0
      },
      "region_entropy": -1.000088900581841e-12
    },
    "2015_CZ_17": {
      "country": "China",
      "country_confidence": {
        "China": 1.0
      },
      "country_entropy": -1.000088900581841e-12,
      "region": "China",
      "region_confidence": {
        "China": 1.0
      },
      "region_entropy": -1.000088900581841e-12
    },
    "2015_CZ_23": {
      "country": "China",
      "country_confidence": {
        "China": 1.0
      },
      "country_entropy": -1.000088900581841e-12,
      "region": "China",
      "region_confidence": {
        "China": 1.0
      },
      "region_entropy": -1.000088900581841e-12
    },
    "2015_CZ_5": {
      "country": "China",
      "country_confidence": {
        "China": 1.0
      },
      "country_entropy": -1.000088900581841e-12,
      "region": "China",
      "region_confidence": {
        "China": 1.0
      },
      "region_entropy": -1.000088900581841e-12
    },
    "2016_Singapore_DENV_2_NPHL": {
      "country": "Singapore",
      "country_confidence": {
        "Singapore": 1.0
      },
      "country_entropy": -1.000088900581841e-12,
      "region": "Southeast Asia",
      "region_confidence": {
        "Southeast Asia": 1.0
      },
      "region_entropy": -1.000088900581841e-12
    },
    "2016_Singapore_NUH_MDC_DENV_2_variant": {
      "country": "Singapore",
      "country_confidence": {
        "Singapore": 1.0
      },
      "country_entropy": -1.000088900581841e-12,
      "region": "Southeast Asia",
      "region_confidence": {
        "Southeast Asia": 1.0
      },
      "region_entropy": -1.000088900581841e-12
    },
    "2191_DF_09/12/2002": {
      "country": "Taiwan",
      "country_confidence": {
        "Taiwan": 1.0
      },
      "country_entropy": -1.000088900581841e-12,
      "region": "China",
      "region_confidence": {
        "China": 0.9999999999999999
      },
      "region_entropy": -9.99866855976916e-13
    },
    "2208_DHF_09/13/2002": {
      "country": "Taiwan",
      "country_confidence": {
        "Taiwan": 1.0
      },
      "country_entropy": -1.000088900581841e-12,
      "region": "China",
      "region_confidence": {
        "China": 1.0
      },
      "region_entropy": -1.000088900581841e-12
    },
    "2559_DHF_10/23/2002": {
      "country": "Taiwan",
      "country_confidence": {
        "Taiwan": 1.0
      },
      "country_entropy": -1.000088900581841e-12,
      "region": "China",
      "region_confidence": {
        "China": 0.9999999999999999
      },
      "region_entropy": -9.99866855976916e-13
    },
    "2587_DF_10/26/2002": {
      "country": "Taiwan",
      "country_confidence": {
        "Taiwan": 1.0
      },
      "country_entropy": -1.000088900581841e-12,
      "region": "China",
      "region_confidence": {
        "China": 1.0
      },
      "region_entropy": -1.000088900581841e-12
    },
    "2659_DHF_11/01/2002": {
      "country": "Taiwan",
      "country_confidence": {
        "Taiwan": 1.0
      },
      "country_entropy": -1.000088900581841e-12,
      "region": "China",
      "region_confidence": {
        "China": 1.0
      },
      "region_entropy": -1.000088900581841e-12
    },
    "2784_DF_11/18/2002": {
      "country": "Taiwan",
      "country_confidence": {
        "Taiwan": 1.0
      },
      "country_entropy": -1.000088900581841e-12,
      "region": "China",
      "region_confidence": {
        "China": 0.9999999999999999
      },
      "region_entropy": -9.99866855976916e-13
    },
    "7754691/BF/2016": {
      "country": "Burkina Faso",
      "country_confidence": {
        "Burkina Faso": 1.0
      },
      "country_entropy": -1.000088900581841e-12,
      "region": "Africa",
      "region_confidence": {
        "Africa": 1.0
      },
      "region_entropy": -1.000088900581841e-12
    },
    "7869191/BF/2016": {
      "country": "Burkina Faso",
      "country_confidence": {
        "Burkina Faso": 1.0
      },
      "country_entropy": -1.000088900581841e-12,
      "region": "Africa",
      "region_confidence": {
        "Africa": 1.0
      },
      "region_entropy": -1.000088900581841e-12
    },
    "904_DHF_10/31/2001": {
      "country": "Taiwan",
      "country_confidence": {
        "Taiwan": 0.9999999999999999
      },
      "country_entropy": -9.99866855976916e-13,
      "region": "China",
      "region_confidence": {
        "China": 1.0
      },
      "region_entropy": -1.000088900581841e-12
    },
    "915_DF_11/03/2001": {
      "country": "Taiwan",
      "country_confidence": {
        "Taiwan": 1.0
      },
      "country_entropy": -1.000088900581841e-12,
      "region": "China",
      "region_confidence": {
        "China": 0.9999999999999999
      },
      "region_entropy": -9.99866855976916e-13
    },
    "950_DF_11/12/2001": {
      "country": "Taiwan",
      "country_confidence": {
        "Taiwan": 1.0
      },
      "country_entropy": -1.000088900581841e-12,
      "region": "China",
      "region_confidence": {
        "China": 1.0
      },
      "region_entropy": -1.000088900581841e-12
    },
    "AO_1": {
      "country": "Angola",
      "country_confidence": {
        "Angola": 0.9999999999999999
      },
      "country_entropy": -9.99866855976916e-13,
      "region": "Africa",
      "region_confidence": {
        "Africa": 1.0
      },
      "region_entropy": -1.000088900581841e-12
    },
    "CHRF_DenV002": {
      "country": "Bangladesh",
      "country_confidence": {
        "Bangladesh": 1.0
      },
      "country_entropy": -1.000088900581841e-12,
      "region": "South Asia",
      "region_confidence": {
        "South Asia": 0.9999999999999999
      },
      "region_entropy": -9.99866855976916e-13
    },
    "Cosmopolitan": {
      "country": "India",
      "country_confidence": {
        "India": 1.0
      },
      "country_entropy": -1.000088900581841e-12,
      "region": "South Asia",
      "region_confidence": {
        "South Asia": 1.0
      },
      "region_entropy": -1.000088900581841e-12
    },
    "D2/CN/HZ_1312/2017": {
      "country": "China",
      "country_confidence": {
        "China": 1.0
      },
      "country_entropy": -1.000088900581841e-12,
      "region": "China",
      "region_confidence": {
        "China": 0.9999999999999999
      },
      "region_entropy": -9.99866855976916e-13
    },
    "D2/CN/HZ_1536/2017": {
      "country": "China",
      "country_confidence": {
        "China": 1.0
      },
      "country_entropy": -1.000088900581841e-12,
      "region": "China",
      "region_confidence": {
        "China": 0.9999999999999999
      },
      "region_entropy": -9.99866855976916e-13
    },
    "D2/CN/HZ_17/2017": {
      "country": "China",
      "country_confidence": {
        "China": 1.0
      },
      "country_entropy": -1.000088900581841e-12,
      "region": "China",
      "region_confidence": {
        "China": 1.0
      },
      "region_entropy": -1.000088900581841e-12
    },
    "D2/CN/HZ_316/2017": {
      "country": "China",
      "country_confidence": {
        "China": 0.9999999999999999
      },
      "country_entropy": -9.99866855976916e-13,
      "region": "China",
      "region_confidence": {
        "China": 1.0
      },
      "region_entropy": -1.000088900581841e-12
    },
    "D2/CN/HZ_333/2017": {
      "country": "China",
      "country_confidence": {
        "China": 0.9999999999999999
      },
      "country_entropy": -9.99866855976916e-13,
      "region": "China",
      "region_confidence": {
        "China": 1.0
      },
      "region_entropy": -1.000088900581841e-12
    },
    "D2/CN/HZ_406_1/2017": {
      "country": "China",
      "country_confidence": {
        "China": 0.9999999999999999
      },
      "country_entropy": -9.99866855976916e-13,
      "region": "China",
      "region_confidence": {
        "China": 0.9999999999999999
      },
      "region_entropy": -9.99866855976916e-13
    },
    "D2/CN/HZ_406_2/2017": {
      "country": "China",
      "country_confidence": {
        "China": 0.9999999999999999
      },
      "country_entropy": -9.99866855976916e-13,
      "region": "China",
      "region_confidence": {
        "China": 0.9999999999999999
      },
      "region_entropy": -9.99866855976916e-13
    },
    "D2/CN/HZ_439/2017": {
      "country": "China",
      "country_confidence": {
        "China": 1.0
      },
      "country_entropy": -1.000088900581841e-12,
      "region": "China",
      "region_confidence": {
        "China": 1.0
      },
      "region_entropy": -1.000088900581841e-12
    },
    "D2/CN/HZ_455/2017": {
      "country": "China",
      "country_confidence": {
        "China": 1.0
      },
      "country_entropy": -1.000088900581841e-12,
      "region": "China",
      "region_confidence": {
        "China": 1.0
      },
      "region_entropy": -1.000088900581841e-12
    },
    "D2/CN/HZ_510/2017": {
      "country": "China",
      "country_confidence": {
        "China": 1.0
      },
      "country_entropy": -1.000088900581841e-12,
      "region": "China",
      "region_confidence": {
        "China": 1.0
      },
      "region_entropy": -1.000088900581841e-12
    },
    "D2/CN/HZ_594/2017": {
      "country": "China",
      "country_confidence": {
        "China": 1.0
      },
      "country_entropy": -1.000088900581841e-12,
      "region": "China",
      "region_confidence": {
        "China": 1.0
      },
      "region_entropy": -1.000088900581841e-12
    },
    "D2/CN/HZ_666/2017": {
      "country": "China",
      "country_confidence": {
        "China": 1.0
      },
      "country_entropy": -1.000088900581841e-12,
      "region": "China",
      "region_confidence": {
        "China": 1.0
      },
      "region_entropy": -1.000088900581841e-12
    },
    "D2/CN/HZ_67/2017": {
      "country": "China",
      "country_confidence": {
        "China": 1.0
      },
      "country_entropy": -1.000088900581841e-12,
      "region": "China",
      "region_confidence": {
        "China": 0.9999999999999999
      },
      "region_entropy": -9.99866855976916e-13
    },
    "D2/CN/HZ_699/2017": {
      "country": "China",
      "country_confidence": {
        "China": 1.0
      },
      "country_entropy": -1.000088900581841e-12,
      "region": "China",
      "region_confidence": {
        "China": 0.9999999999999999
      },
      "region_entropy": -9.99866855976916e-13
    },
    "D2/CN/HZ_848/2017": {
      "country": "China",
      "country_confidence": {
        "China": 1.0
      },
      "country_entropy": -1.000088900581841e-12,
      "region": "China",
      "region_confidence": {
        "China": 0.9999999999999999
      },
      "region_entropy": -9.99866855976916e-13
    },
    "D2/CN/HZ_996/2017": {
      "country": "China",
      "country_confidence": {
        "China": 1.0
      },
      "country_entropy": -1.000088900581841e-12,
      "region": "China",
      "region_confidence": {
        "China": 0.9999999999999999
      },
      "region_entropy": -9.99866855976916e-13
    },
    "D2/China/GDcz/D15030/2015_Malaysia_": {
      "country": "China",
      "country_confidence": {
        "China": 1.0
      },
      "country_entropy": -1.000088900581841e-12,
      "region": "China",
      "region_confidence": {
        "China": 1.0
      },
      "region_entropy": -1.000088900581841e-12
    },
    "D2/China/GDcz/D15044/2015": {
      "country": "China",
      "country_confidence": {
        "China": 1.0
      },
      "country_entropy": -1.000088900581841e-12,
      "region": "China",
      "region_confidence": {
        "China": 1.0
      },
      "region_entropy": -1.000088900581841e-12
    },
    "D2/China/GDgz/GD17006/2017_Maldives_": {
      "country": "China",
      "country_confidence": {
        "China": 0.9999999999999999
      },
      "country_entropy": -9.99866855976916e-13,
      "region": "China",
      "region_confidence": {
        "China": 1.0
      },
      "region_entropy": -1.000088900581841e-12
    },
    "D2/China/GDmm/D16005/2016_Malaysia_": {
      "country": "China",
      "country_confidence": {
        "China": 1.0
      },
      "country_entropy": -1.000088900581841e-12,
      "region": "China",
      "region_confidence": {
        "China": 1.0
      },
      "region_entropy": -1.000088900581841e-12
    },
    "D2/China/GDqy/GD16158/2016": {
      "country": "China",
      "country_confidence": {
        "China": 1.0
      },
      "country_entropy": -1.000088900581841e-12,
      "region": "China",
      "region_confidence": {
        "China": 0.9999999999999999
      },
      "region_entropy": -9.99866855976916e-13
    },
    "D2/China/GDst/GD16047/2016": {
      "country": "China",
      "country_confidence": {
        "China": 1.0
      },
      "country_entropy": -1.000088900581841e-12,
      "region": "China",
      "region_confidence": {
        "China": 1.0
      },
      "region_entropy": -1.000088900581841e-12
    },
    "D2/China/GDsz/D15328/2015_Taiwan_": {
      "country": "China",
      "country_confidence": {
        "China": 1.0
      },
      "country_entropy": -1.000088900581841e-12,
      "region": "China",
      "region_confidence": {
        "China": 0.9999999999999999
      },
      "region_entropy": -9.99866855976916e-13
    },
    "D2/China/GDsz/GD17029/2017": {
      "country": "China",
      "country_confidence": {
        "China": 1.0
      },
      "country_entropy": -1.000088900581841e-12,
      "region": "China",
      "region_confidence": {
        "China": 1.0
      },
      "region_entropy": -1.000088900581841e-12
    },
    "D2/China/GDyf/D14070/2014": {
      "country": "China",
      "country_confidence": {
        "China": 1.0
      },
      "country_entropy": -1.000088900581841e-12,
      "region": "China",
      "region_confidence": {
        "China": 1.0
      },
      "region_entropy": -1.000088900581841e-12
    },
    "D2/China/GDzh/GD17038/2017": {
      "country": "China",
      "country_confidence": {
        "China": 1.0
      },
      "country_entropy": -1.000088900581841e-12,
      "region": "China",
      "region_confidence": {
        "China": 1.0
      },
      "region_entropy": -1.000088900581841e-12
    },
    "D2/China/GDzh/GD17040/2017": {
      "country": "China",
      "country_confidence": {
        "China": 1.0
      },
      "country_entropy": -1.000088900581841e-12,
      "region": "China",
      "region_confidence": {
        "China": 1.0
      },
      "region_entropy": -1.000088900581841e-12
    },
    "D2/China/GDzs/GD16161/2016_New_Guinea_": {
      "country": "China",
      "country_confidence": {
        "China": 1.0
      },
      "country_entropy": -1.000088900581841e-12,
      "region": "China",
      "region_confidence": {
        "China": 1.0
      },
      "region_entropy": -1.000088900581841e-12
    },
    "D2/China/GDzs/GD16168/2016_Philippines_": {
      "country": "China",
      "country_confidence": {
        "China": 1.0
      },
      "country_entropy": -1.000088900581841e-12,
      "region": "China",
      "region_confidence": {
        "China": 1.0
      },
      "region_entropy": -1.000088900581841e-12
    },
    "D2/Pakistan/2011_23/2011": {
      "country": "Pakistan",
      "country_confidence": {
        "Pakistan": 1.0
      },
      "country_entropy": -1.000088900581841e-12,
      "region": "West Asia",
      "region_confidence": {
        "West Asia": 1.0
      },
      "region_entropy": -1.000088900581841e-12
    },
    "D2/Pakistan/2011_3/2011": {
      "country": "Pakistan",
      "country_confidence": {
        "Pakistan": 1.0
      },
      "country_entropy": -1.000088900581841e-12,
      "region": "West Asia",
