{
  "generated_by": {
    "program": "augur",
    "version": "14.1.0"
  },
  "models": {
    "country": {
      "alphabet": [
        "Belize",
        "Brazil",
        "Cambodia",
        "Colombia",
        "Cuba",
        "Dominican Republic",
        "Ecuador",
        "French Guiana",
        "Guadeloupe",
        "Guatemala",
        "Haiti",
        "Martinique",
        "Mexico",
        "Nicaragua",
        "Peru",
        "Puerto Rico",
        "Saint Kitts",
        "Suriname",
        "Taiwan",
        "Thailand",
        "Usa",
        "Venezuela",
        "Vietnam",
        "?"
      ],
      "equilibrium_probabilities": [
        0.04423237228685261,
        0.0449207671497147,
        0.04493960467107025,
        0.039414088740840694,
        0.04326064761671001,
        0.04009767505748333,
        0.046525723772194195,
        0.03962065709129663,
        0.046006182329241724,
        0.04516746788780726,
        0.044225284216806625,
        0.04259854893919482,
        0.04412989393229658,
        0.04998366676652463,
        0.04506966264306776,
        0.026602342420964244,
        0.04265232819078363,
        0.044012684646779515,
        0.0444138550243518,
        0.04330806527592009,
        0.047648574534294205,
        0.044452247145286186,
        0.04671765966051863
      ],
      "rate": 131.36695946023747,
      "transition_matrix": [
        [
          0.0,
          0.926342050365559,
          0.9289372094108181,
          0.9574183994570319,
          0.9292861551318574,
          0.9293674092348494,
          0.9283348341882461,
          0.9374276311288486,
          0.9292526025530614,
          0.9297096602436661,
          0.9291892981598239,
          0.9293597868304303,
          1.1572489936542647,
          1.1614418443398198,
          0.9283768777024769,
          0.9278561484863744,
          0.9292485259646921,
          0.9294706359229015,
          0.9292566012033224,
          0.9315216350777461,
          0.9377334523281492,
          0.9315188729014712,
          0.9288026158556817
        ],
        [
          0.926342050365559,
          0.0,
          0.9258635584171073,
          0.9276235947323285,
          0.9272851119389072,
          1.000428925351369,
          0.9249525655014159,
          3.240332546246824,
          0.9260851440572345,
          0.9261545629002187,
          1.3910067034654656,
          1.0450767437246027,
          0.9256941748547249,
          0.9215713397205139,
          2.32743791008919,
          0.9290127440455107,
          0.9264131329142581,
          1.358668057677183,
          0.9260790479605695,
          0.9303486028316655,
          2.000021830147937,
          1.3300725102458264,
          0.927559647581992
        ],
        [
          0.9289372094108181,
          0.9258635584171073,
          0.0,
          0.9281568933457212,
          0.9288985727281532,
          0.9290522305916615,
          0.9278325760389138,
          0.9290231091506478,
          0.9288140629398195,
          0.9289606195891604,
          0.9287670846927298,
          0.9289945491406305,
          0.9279358900635414,
          0.924034341418478,
          0.927935613324737,
          0.9280515308028382,
          0.9288847181679406,
          0.9290507611707255,
          0.9289806926970225,
          0.9490644510314833,
          0.9407462734136556,
          0.9265924302638444,
          1.8716096984254014
        ],
        [
          0.9574183994570319,
          0.9276235947323285,
          0.9281568933457212,
          0.0,
          0.9286686023628323,
          0.9288181362442529,
          1.361958624277167,
          1.094185132638411,
          0.928384342426708,
          0.9288518462607313,
          0.9283617505607985,
          0.928691420535689,
          1.0643019263283406,
          1.0621719512739267,
          0.9276252206306032,
          0.9288430959395695,
          0.9285385656029118,
          0.9288058947587465,
          0.9284185142650104,
          0.9308832261679101,
          1.128537627057355,
          4.965223124142245,
          0.9284478956359509
        ],
        [
          0.9292861551318574,
          0.9272851119389072,
          0.9288985727281532,
          0.9286686023628323,
          0.0,
          0.9296357023426645,
          0.9282094458442497,
          1.1112408333909891,
          0.929151229067946,
          0.9292868582635442,
          0.9290934588402328,
          0.9294433103210349,
          0.9283760857695149,
          0.9246594061689646,
          0.928299865456677,
          0.9286798022577064,
          0.9297742537499866,
          0.9295546349753604,
          0.9291598220336491,
          0.9320628370395342,
          1.3025818450314468,
          0.9271327503514615,
          0.929466659852782
        ],
        [
          0.9293674092348494,
          1.000428925351369,
          0.9290522305916615,
          0.9288181362442529,
          0.9296357023426645,
          0.0,
          0.9283641505235501,
          1.021027203171161,
          0.9292532206144974,
          0.929364002880484,
          0.9292210944092925,
          0.945731253176057,
          0.9285444700198288,
          0.9251063510508162,
          0.9285754114169156,
          0.9294736857439723,
          0.9293692210534729,
          1.1573693244414467,
          0.9292430047630972,
          0.9326007521719644,
          1.7584734296482423,
          0.9275851758022516,
          0.93026658584685
        ],
        [
          0.9283348341882461,
          0.9249525655014159,
          0.9278325760389138,
          1.361958624277167,
          0.9282094458442497,
          0.9283641505235501,
          0.0,
          0.9283900424988086,
          0.9281415652130807,
          0.9283064562170831,
          0.9281179729465057,
          0.9283108516076247,
          0.9273468391153132,
          0.9232360753417331,
          0.927244491555384,
          0.9268898064122355,
          0.9281974133852854,
          0.928387352013068,
          0.9281841019000351,
          0.9305377198524007,
          0.9258416426575046,
          0.9564325920805375,
          0.9275966580743692
        ],
        [
          0.9374276311288486,
          3.240332546246824,
          0.9290231091506478,
          1.094185132638411,
          1.1112408333909891,
          1.021027203171161,
          0.9283900424988086,
          0.0,
          0.9291441844086353,
          0.9294298412816064,
          0.9291515977159409,
          0.9307680238642052,
          0.9710206248425842,
          0.968634485838321,
          0.9285661213987222,
          0.9304981735553581,
          0.9301386796934241,
          1.4412222927580574,
          0.9291552631643484,
          0.9332303436797289,
          2.2674741230801887,
          0.9528948666208537,
          0.9309934848877747
        ],
        [
          0.9292526025530614,
          0.9260851440572345,
          0.9288140629398195,
          0.928384342426708,
          0.929151229067946,
          0.9292532206144974,
          0.9281415652130807,
          0.9291441844086353,
          0.0,
          0.9292883882739235,
          0.9290810762182224,
          1.395096513720054,
          0.9282170140755488,
          0.9242645171841338,
          0.9282337228428352,
          0.9274846506600058,
          0.929125913064002,
          0.9293441125427079,
          0.9291506621183909,
          0.9314633585283089,
          0.9269188434489488,
          0.9267493565492925,
          0.9286227158023986
        ],
        [
          0.9297096602436661,
          0.9261545629002187,
          0.9289606195891604,
          0.9288518462607313,
          0.9292868582635442,
          0.929364002880484,
          0.9283064562170831,
          0.9294298412816064,
          0.9292883882739235,
          0.0,
          0.9292222408019982,
          0.9293684754359317,
          1.8106827819960174,
          1.1873050370464036,
          0.9283927242512641,
          0.9276049974289947,
          0.9292613737609985,
          0.9294750887117585,
          0.92929129239975,
          0.9315421440580767,
          0.9271397427817457,
          0.9270717771595337,
          0.9287600283457266
        ],
        [
          0.9291892981598239,
          1.3910067034654656,
          0.9287670846927298,
          0.9283617505607985,
          0.9290934588402328,
          0.9292210944092925,
          0.9281179729465057,
          0.9291515977159409,
          0.9290810762182224,
          0.9292222408019982,
          0.0,
          0.9292722635422682,
          0.9281944940972564,
          0.9243865194652751,
          0.9282362366793612,
          0.9275133993661043,
          0.9290693509217351,
          0.9293384235355695,
          0.9290907796663554,
          0.931322170774874,
          0.9270359361804622,
          0.9268805639229333,
          0.9285876283658707
        ],
        [
          0.9293597868304303,
          1.0450767437246027,
          0.9289945491406305,
          0.928691420535689,
          0.9294433103210349,
          0.945731253176057,
          0.9283108516076247,
          0.9307680238642052,
          1.395096513720054,
          0.9293684754359317,
          0.9292722635422682,
          0.0,
          0.9284475296541997,
          0.924796712172016,
          0.9286840936190105,
          0.9296731028774923,
          0.9293509896276125,
          0.9296833169745022,
          0.9292434554534187,
          0.932199335927932,
          1.354484462459762,
          0.9274985756336944,
          0.9296627675359966
        ],
        [
          1.1572489936542647,
          0.9256941748547249,
          0.9279358900635414,
          1.0643019263283406,
          0.9283760857695149,
          0.9285444700198288,
          0.9273468391153132,
          0.9710206248425842,
          0.9282170140755488,
          1.8106827819960174,
          0.9281944940972564,
          0.9284475296541997,
          0.0,
          2.0818801441760555,
          0.9273675894301528,
          0.9277374641458318,
          0.9283259918954498,
          0.9285389607999194,
          0.92825742135312,
          0.930649297491309,
          0.9822517295143377,
          0.9444136022756161,
          0.9278776815217195
        ],
        [
          1.1614418443398198,
          0.9215713397205139,
          0.924034341418478,
          1.0621719512739267,
          0.9246594061689646,
          0.9251063510508162,
          0.9232360753417331,
          0.968634485838321,
          0.9242645171841338,
          1.1873050370464036,
          0.9243865194652751,
          0.924796712172016,
          2.0818801441760555,
          0.0,
          0.9233872171527584,
          0.9252659575953012,
          0.9246581821711941,
          0.9247826417400101,
          0.92444143773522,
          0.9271917193073399,
          0.9793431646327764,
          1.4095295653486324,
          0.92379394203714
        ],
        [
          0.9283768777024769,
          2.32743791008919,
          0.927935613324737,
          0.9276252206306032,
          0.928299865456677,
          0.9285754114169156,
          0.927244491555384,
          0.9285661213987222,
          0.9282337228428352,
          0.9283927242512641,
          0.9282362366793612,
          0.9286840936190105,
          0.9273675894301528,
          0.9233872171527584,
          0.0,
          0.9270223056149722,
          0.9282857155371399,
          0.928659973660716,
          0.9282728892744918,
          0.9305851869911005,
          0.9299870141782489,
          0.9262318775956676,
          0.927742379472914
        ],
        [
          0.9278561484863744,
          0.9290127440455107,
          0.9280515308028382,
          0.9288430959395695,
          0.9286798022577064,
          0.9294736857439723,
          0.9268898064122355,
          0.9304981735553581,
          0.9274846506600058,
          0.9276049974289947,
          0.9275133993661043,
          0.9296731028774923,
          0.9277374641458318,
          0.9252659575953012,
          0.9270223056149722,
          0.0,
          0.9277787216319944,
          0.9284891479372452,
          0.9275654095002207,
          0.9383040416823006,
          9.997572175856812,
          1.0237904913721771,
          0.9374925335243013
        ],
        [
          0.9292485259646921,
          0.9264131329142581,
          0.9288847181679406,
          0.9285385656029118,
          0.9297742537499866,
          0.9293692210534729,
          0.9281974133852854,
          0.9301386796934241,
          0.929125913064002,
          0.9292613737609985,
          0.9290693509217351,
          0.9293509896276125,
          0.9283259918954498,
          0.9246581821711941,
          0.9282857155371399,
          0.9277787216319944,
          0.0,
          0.9293826889746809,
          0.9291353698256282,
          0.9320929877347982,
          1.3900788109863442,
          0.927027012347556,
          0.9295335097798416
        ],
        [
          0.9294706359229015,
          1.358668057677183,
          0.9290507611707255,
          0.9288058947587465,
          0.9295546349753604,
          1.1573693244414467,
          0.928387352013068,
          1.4412222927580574,
          0.9293441125427079,
          0.9294750887117585,
          0.9293384235355695,
          0.9296833169745022,
          0.9285389607999194,
          0.9247826417400101,
          0.928659973660716,
          0.9284891479372452,
          0.9293826889746809,
          0.0,
          0.9293454218941103,
          0.931892362573808,
          1.0704417631742946,
          0.927369509717593,
          0.9292241359871996
        ],
        [
          0.9292566012033224,
          0.9260790479605695,
          0.9289806926970225,
          0.9284185142650104,
          0.9291598220336491,
          0.9292430047630972,
          0.9281841019000351,
          0.9291552631643484,
          0.9291506621183909,
          0.92929129239975,
          0.9290907796663554,
          0.9292434554534187,
          0.92825742135312,
          0.92444143773522,
          0.9282728892744918,
          0.9275654095002207,
          0.9291353698256282,
          0.9293454218941103,
          0.0,
          0.9321704940263461,
          0.9279282780276705,
          0.9268422967018584,
          1.4000019082353268
        ],
        [
          0.9315216350777461,
          0.9303486028316655,
          0.9490644510314833,
          0.9308832261679101,
          0.9320628370395342,
          0.9326007521719644,
          0.9305377198524007,
          0.9332303436797289,
          0.9314633585283089,
          0.9315421440580767,
          0.931322170774874,
          0.932199335927932,
          0.930649297491309,
          0.9271917193073399,
          0.9305851869911005,
          0.9383040416823006,
          0.9320929877347982,
          0.931892362573808,
          0.9321704940263461,
          0.0,
          1.1130656078098309,
          0.9304626127048758,
          1.2597922088459421
        ],
        [
          0.9377334523281492,
          2.000021830147937,
          0.9407462734136556,
          1.128537627057355,
          1.3025818450314468,
          1.7584734296482423,
          0.9258416426575046,
          2.2674741230801887,
          0.9269188434489488,
          0.9271397427817457,
          0.9270359361804622,
          1.354484462459762,
          0.9822517295143377,
          0.9793431646327764,
          0.9299870141782489,
          9.997572175856812,
          1.3900788109863442,
          1.0704417631742946,
          0.9279282780276705,
          1.1130656078098309,
          0.0,
          1.6715943251093264,
          1.1679565924231172
        ],
        [
          0.9315188729014712,
          1.3300725102458264,
          0.9265924302638444,
          4.965223124142245,
          0.9271327503514615,
          0.9275851758022516,
          0.9564325920805375,
          0.9528948666208537,
          0.9267493565492925,
          0.9270717771595337,
          0.9268805639229333,
          0.9274985756336944,
          0.9444136022756161,
          1.4095295653486324,
          0.9262318775956676,
          1.0237904913721771,
          0.927027012347556,
          0.927369509717593,
          0.9268422967018584,
          0.9304626127048758,
          1.6715943251093264,
          0.0,
          0.9276904819320031
        ],
        [
          0.9288026158556817,
          0.927559647581992,
          1.8716096984254014,
          0.9284478956359509,
          0.929466659852782,
          0.93026658584685,
          0.9275966580743692,
          0.9309934848877747,
          0.9286227158023986,
          0.9287600283457266,
          0.9285876283658707,
          0.9296627675359966,
          0.9278776815217195,
          0.92379394203714,
          0.927742379472914,
          0.9374925335243013,
          0.9295335097798416,
          0.9292241359871996,
          1.4000019082353268,
          1.2597922088459421,
          1.1679565924231172,
          0.9276904819320031,
          0.0
        ]
      ]
    },
    "region": {
      "alphabet": [
        "China",
        "North America",
        "South America",
        "Southeast Asia",
        "?"
      ],
      "equilibrium_probabilities": [
        0.23212416887872475,
        0.29265792467663926,
        0.2247250454552112,
        0.25049286098942475
      ],
      "rate": 21.963631835397933,
      "transition_matrix": [
        [
          0.0,
          0.6340715701517351,
          0.6527475050871316,
          1.0166013373908376
        ],
        [
          0.6340715701517351,
          0.0,
          3.955343020187982,
          0.921268636220422
        ],
        [
          0.6527475050871316,
          3.955343020187982,
          0.0,
          0.6412025989675557
        ],
        [
          1.0166013373908376,
          0.921268636220422,
          0.6412025989675557,
          0.0
        ]
      ]
    }
  },
  "nodes": {
    "00104_P": {
      "country": "Ecuador",
      "country_confidence": {
        "Ecuador": 1.0
      },
      "country_entropy": -1.000088900581841e-12,
      "region": "South America",
      "region_confidence": {
        "South America": 1.0
      },
      "region_entropy": -1.000088900581841e-12
    },
    "00121_P": {
      "country": "Ecuador",
      "country_confidence": {
        "Ecuador": 1.0
      },
      "country_entropy": -1.000088900581841e-12,
      "region": "South America",
      "region_confidence": {
        "South America": 1.0
      },
      "region_entropy": -1.000088900581841e-12
    },
    "00127_P": {
      "country": "Ecuador",
      "country_confidence": {
        "Ecuador": 1.0
      },
      "country_entropy": -1.000088900581841e-12,
      "region": "South America",
      "region_confidence": {
        "South America": 1.0
      },
      "region_entropy": -1.000088900581841e-12
    },
    "00137_P": {
      "country": "Ecuador",
      "country_confidence": {
        "Ecuador": 1.0
      },
      "country_entropy": -1.000088900581841e-12,
      "region": "South America",
      "region_confidence": {
        "South America": 1.0
      },
      "region_entropy": -1.000088900581841e-12
    },
    "00142_P": {
      "country": "Ecuador",
      "country_confidence": {
        "Ecuador": 0.9999999999999999
      },
      "country_entropy": -9.99866855976916e-13,
      "region": "South America",
      "region_confidence": {
        "South America": 1.0
      },
      "region_entropy": -1.000088900581841e-12
    },
    "00143_P": {
      "country": "Ecuador",
      "country_confidence": {
        "Ecuador": 1.0
      },
      "country_entropy": -1.000088900581841e-12,
      "region": "South America",
      "region_confidence": {
        "South America": 1.0
      },
      "region_entropy": -1.000088900581841e-12
    },
    "00145_P": {
      "country": "Ecuador",
      "country_confidence": {
        "Ecuador": 1.0
      },
      "country_entropy": -1.000088900581841e-12,
      "region": "South America",
      "region_confidence": {
        "South America": 1.0
      },
      "region_entropy": -1.000088900581841e-12
    },
    "00147_P": {
      "country": "Ecuador",
      "country_confidence": {
        "Ecuador": 0.9999999999999999
      },
      "country_entropy": -9.99866855976916e-13,
      "region": "South America",
      "region_confidence": {
        "South America": 1.0
      },
      "region_entropy": -1.000088900581841e-12
    },
    "00149_P": {
      "country": "Ecuador",
      "country_confidence": {
        "Ecuador": 1.0
      },
      "country_entropy": -1.000088900581841e-12,
      "region": "South America",
      "region_confidence": {
        "South America": 1.0
      },
      "region_entropy": -1.000088900581841e-12
    },
    "00155_P": {
      "country": "Ecuador",
      "country_confidence": {
        "Ecuador": 1.0
      },
      "country_entropy": -1.000088900581841e-12,
      "region": "South America",
      "region_confidence": {
        "South America": 0.9999999999999999
      },
      "region_entropy": -9.99866855976916e-13
    },
    "00166_P": {
      "country": "Ecuador",
      "country_confidence": {
        "Ecuador": 0.9999999999999999
      },
      "country_entropy": -9.99866855976916e-13,
      "region": "South America",
      "region_confidence": {
        "South America": 1.0
      },
      "region_entropy": -1.000088900581841e-12
    },
    "00173_P": {
      "country": "Ecuador",
      "country_confidence": {
        "Ecuador": 1.0
      },
      "country_entropy": -1.000088900581841e-12,
      "region": "South America",
      "region_confidence": {
        "South America": 1.0
      },
      "region_entropy": -1.000088900581841e-12
    },
    "13858/BR_PE/10": {
      "country": "Brazil",
      "country_confidence": {
        "Brazil": 1.0
      },
      "country_entropy": -1.000088900581841e-12,
      "region": "South America",
      "region_confidence": {
        "South America": 1.0
      },
      "region_entropy": -1.000088900581841e-12
    },
    "14905/BR_PE/10": {
      "country": "Brazil",
      "country_confidence": {
        "Brazil": 1.0
      },
      "country_entropy": -1.000088900581841e-12,
      "region": "South America",
      "region_confidence": {
        "South America": 1.0
      },
      "region_entropy": -1.000088900581841e-12
    },
    "19190/BR_PE/10": {
      "country": "Brazil",
      "country_confidence": {
        "Brazil": 1.0
      },
      "country_entropy": -1.000088900581841e-12,
      "region": "South America",
      "region_confidence": {
        "South America": 1.0
      },
      "region_entropy": -1.000088900581841e-12
    },
    "2/Haiti_1/2016": {
      "country": "Haiti",
      "country_confidence": {
        "Haiti": 0.9999999999999999
      },
      "country_entropy": -9.99866855976916e-13,
      "region": "North America",
      "region_confidence": {
        "North America": 1.0
      },
      "region_entropy": -1.000088900581841e-12
    },
    "3275/BR_PE/95": {
      "country": "Brazil",
      "country_confidence": {
        "Brazil": 1.0
      },
      "country_entropy": -1.000088900581841e-12,
      "region": "South America",
      "region_confidence": {
        "South America": 1.0
      },
      "region_entropy": -1.000088900581841e-12
    },
    "3311/BR_PE/95": {
      "country": "Brazil",
      "country_confidence": {
        "Brazil": 1.0
      },
      "country_entropy": -1.000088900581841e-12,
      "region": "South America",
      "region_confidence": {
        "South America": 1.0
      },
      "region_entropy": -1.000088900581841e-12
    },
    "3337/BR_PE/95": {
      "country": "Brazil",
      "country_confidence": {
        "Brazil": 1.0
      },
      "country_entropy": -1.000088900581841e-12,
      "region": "South America",
      "region_confidence": {
        "South America": 1.0
      },
      "region_entropy": -1.000088900581841e-12
    },
    "37473/BR_PE/97": {
      "country": "Brazil",
      "country_confidence": {
        "Brazil": 1.0
      },
      "country_entropy": -1.000088900581841e-12,
      "region": "South America",
      "region_confidence": {
        "South America": 0.9999999999999999
      },
      "region_entropy": -9.99866855976916e-13
    },
    "47913/BR_PE/98": {
      "country": "Brazil",
      "country_confidence": {
        "Brazil": 1.0
      },
      "country_entropy": -1.000088900581841e-12,
      "region": "South America",
      "region_confidence": {
        "South America": 1.0
      },
      "region_entropy": -1.000088900581841e-12
    },
    "51347/BR_PE/98": {
      "country": "Brazil",
      "country_confidence": {
        "Brazil": 1.0
      },
      "country_entropy": -1.000088900581841e-12,
      "region": "South America",
      "region_confidence": {
        "South America": 1.0
      },
      "region_entropy": -1.000088900581841e-12
    },
    "57135/BR_PE/99": {
      "country": "Brazil",
      "country_confidence": {
        "Brazil": 1.0
      },
      "country_entropy": -1.000088900581841e-12,
      "region": "South America",
      "region_confidence": {
        "South America": 1.0
      },
      "region_entropy": -1.000088900581841e-12
    },
    "72144/BR_PE/00": {
      "country": "Brazil",
      "country_confidence": {
        "Brazil": 0.9999999999999999
      },
      "country_entropy": -9.99866855976916e-13,
      "region": "South America",
      "region_confidence": {
        "South America": 1.0
      },
      "region_entropy": -1.000088900581841e-12
    },
    "87086/BR_PE/02": {
      "country": "Brazil",
      "country_confidence": {
        "Brazil": 1.0
      },
      "country_entropy": -1.000088900581841e-12,
      "region": "South America",
      "region_confidence": {
        "South America": 1.0
      },
      "region_entropy": -1.000088900581841e-12
    },
    "9479/BR_PE/10": {
      "country": "Brazil",
      "country_confidence": {
        "Brazil": 1.0
      },
      "country_entropy": -1.000088900581841e-12,
      "region": "South America",
      "region_confidence": {
        "South America": 1.0
      },
      "region_entropy": -1.000088900581841e-12
    },
    "ACS380": {
      "country": "Brazil",
      "country_confidence": {
        "Brazil": 1.0
      },
      "country_entropy": -1.000088900581841e-12,
      "region": "South America",
      "region_confidence": {
        "South America": 1.0
      },
      "region_entropy": -1.000088900581841e-12
    },
    "ACS46": {
      "country": "Brazil",
      "country_confidence": {
        "Brazil": 1.0
      },
      "country_entropy": -1.000088900581841e-12,
      "region": "South America",
      "region_confidence": {
        "South America": 0.9999999999999999
      },
      "region_entropy": -9.99866855976916e-13
    },
    "ACS46_II": {
      "country": "Brazil",
      "country_confidence": {
        "Brazil": 1.0
      },
      "country_entropy": -1.000088900581841e-12,
      "region": "South America",
      "region_confidence": {
        "South America": 0.9999999999999999
      },
      "region_entropy": -9.99866855976916e-13
    },
    "ACS538": {
      "country": "Brazil",
      "country_confidence": {
        "Brazil": 1.0
      },
      "country_entropy": -1.000088900581841e-12,
      "region": "South America",
      "region_confidence": {
        "South America": 1.0
      },
      "region_entropy": -1.000088900581841e-12
    },
    "ACS542": {
      "country": "Brazil",
      "country_confidence": {
        "Brazil": 0.9999999999999999
      },
      "country_entropy": -9.99866855976916e-13,
      "region": "South America",
      "region_confidence": {
        "South America": 1.0
      },
      "region_entropy": -1.000088900581841e-12
    },
    "ACS721": {
      "country": "Brazil",
      "country_confidence": {
        "Brazil": 1.0
      },
      "country_entropy": -1.000088900581841e-12,
      "region": "South America",
      "region_confidence": {
        "South America": 0.9999999999999999
      },
      "region_entropy": -9.99866855976916e-13
    },
    "BD_RP": {
      "country": "Brazil",
      "country_confidence": {
        "Brazil": 1.0
      },
      "country_entropy": -1.000088900581841e-12,
      "region": "South America",
      "region_confidence": {
        "South America": 0.9999999999999999
      },
      "region_entropy": -9.99866855976916e-13
    },
    "BR/SJRP/2298/2014": {
      "country": "Brazil",
      "country_confidence": {
        "Brazil": 1.0
      },
      "country_entropy": -1.000088900581841e-12,
      "region": "South America",
      "region_confidence": {
        "South America": 1.0
      },
      "region_entropy": -1.000088900581841e-12
    },
    "BR/SJRP/350/2008": {
      "country": "Brazil",
      "country_confidence": {
        "Brazil": 1.0
      },
      "country_entropy": -1.000088900581841e-12,
      "region": "South America",
      "region_confidence": {
        "South America": 1.0
      },
      "region_entropy": -1.000088900581841e-12
    },
    "BR/SJRP/567/2012": {
      "country": "Brazil",
      "country_confidence": {
        "Brazil": 1.0
      },
      "country_entropy": -1.000088900581841e-12,
      "region": "South America",
      "region_confidence": {
        "South America": 1.0
      },
      "region_entropy": -1.000088900581841e-12
    },
    "BR/SJRP/572/2012": {
      "country": "Brazil",
      "country_confidence": {
        "Brazil": 1.0
      },
      "country_entropy": -1.000088900581841e-12,
      "region": "South America",
      "region_confidence": {
        "South America": 1.0
      },
      "region_entropy": -1.000088900581841e-12
    },
    "BR/SJRP/615/2013": {
      "country": "Brazil",
      "country_confidence": {
        "Brazil": 1.0
      },
      "country_entropy": -1.000088900581841e-12,
      "region": "South America",
      "region_confidence": {
        "South America": 1.0
      },
      "region_entropy": -1.000088900581841e-12
    },
    "BR/SJRP/779/2013": {
      "country": "Brazil",
      "country_confidence": {
        "Brazil": 1.0
      },
      "country_entropy": -1.000088900581841e-12,
      "region": "South America",
      "region_confidence": {
        "South America": 0.9999999999999999
      },
      "region_entropy": -9.99866855976916e-13
    },
    "BR/SJRP/846/2013": {
      "country": "Brazil",
      "country_confidence": {
        "Brazil": 0.9999999999999999
      },
      "country_entropy": -9.99866855976916e-13,
      "region": "South America",
      "region_confidence": {
        "South America": 0.9999999999999999
      },
      "region_entropy": -9.99866855976916e-13
    },
    "BR/SJRP/869/2013": {
      "country": "Brazil",
      "country_confidence": {
        "Brazil": 1.0
      },
      "country_entropy": -1.000088900581841e-12,
      "region": "South America",
      "region_confidence": {
        "South America": 0.9999999999999999
      },
      "region_entropy": -9.99866855976916e-13
    },
    "BR0337/2008/RJ/2008": {
      "country": "Brazil",
      "country_confidence": {
        "Brazil": 1.0
      },
      "country_entropy": -1.000088900581841e-12,
      "region": "South America",
      "region_confidence": {
        "South America": 1.0
      },
      "region_entropy": -1.000088900581841e-12
    },
    "BR0690/RJ/2008": {
      "country": "Brazil",
      "country_confidence": {
        "Brazil": 1.0
      },
      "country_entropy": -1.000088900581841e-12,
      "region": "South America",
      "region_confidence": {
        "South America": 0.9999999999999999
      },
      "region_entropy": -9.99866855976916e-13
    },
    "BR39145/RJ/90": {
      "country": "Brazil",
      "country_confidence": {
        "Brazil": 1.0
      },
      "country_entropy": -1.000088900581841e-12,
      "region": "South America",
      "region_confidence": {
        "South America": 1.0
      },
      "region_entropy": -1.000088900581841e-12
    },
    "BR41768/RJ/90": {
      "country": "Brazil",
      "country_confidence": {
        "Brazil": 1.0
      },
      "country_entropy": -1.000088900581841e-12,
      "region": "South America",
      "region_confidence": {
        "South America": 1.0
      },
      "region_entropy": -1.000088900581841e-12
    },
    "BR42727/RJ/91": {
      "country": "Brazil",
      "country_confidence": {
        "Brazil": 1.0
      },
      "country_entropy": -1.000088900581841e-12,
      "region": "South America",
      "region_confidence": {
        "South America": 1.0
      },
      "region_entropy": -1.000088900581841e-12
    },
    "BR48622/CE/94": {
      "country": "Brazil",
      "country_confidence": {
        "Brazil": 1.0
      },
      "country_entropy": -1.000088900581841e-12,
      "region": "South America",
      "region_confidence": {
        "South America": 1.0
      },
      "region_entropy": -1.000088900581841e-12
    },
    "BR61310/RJ/98": {
      "country": "Brazil",
      "country_confidence": {
        "Brazil": 1.0
      },
      "country_entropy": -1.000088900581841e-12,
      "region": "South America",
      "region_confidence": {
        "South America": 1.0
      },
      "region_entropy": -1.000088900581841e-12
    },
    "BR64905/RJ/99": {
      "country": "Brazil",
      "country_confidence": {
        "Brazil": 0.9999999999999999
      },
      "country_entropy": -9.99866855976916e-13,
      "region": "South America",
      "region_confidence": {
        "South America": 1.0
      },
      "region_entropy": -1.000088900581841e-12
    },
    "BR_DEN2_01_01": {
      "country": "Brazil",
      "country_confidence": {
        "Brazil": 1.0
      },
      "country_entropy": -1.000088900581841e-12,
      "region": "South America",
      "region_confidence": {
        "South America": 1.0
      },
      "region_entropy": -1.000088900581841e-12
    },
    "CAM7786": {
      "country": "Mexico",
      "country_confidence": {
        "Mexico": 0.9999999999999999
      },
      "country_entropy": -9.99866855976916e-13,
      "region": "North America",
      "region_confidence": {
        "North America": 1.0
      },
      "region_entropy": -1.000088900581841e-12
    },
    "CNS36": {
      "country": "Vietnam",
      "country_confidence": {
        "Vietnam": 1.0
      },
      "country_entropy": -1.000088900581841e-12,
      "region": "Southeast Asia",
      "region_confidence": {
        "Southeast Asia": 1.0
      },
      "region_entropy": -1.000088900581841e-12
    },
    "CSF381": {
      "country": "Vietnam",
      "country_confidence": {
        "Vietnam": 1.0
      },
      "country_entropy": -1.000088900581841e-12,
      "region": "Southeast Asia",
      "region_confidence": {
        "Southeast Asia": 0.9999999999999999
      },
      "region_entropy": -9.99866855976916e-13
    },
    "Cuba115/97": {
      "country": "Cuba",
      "country_confidence": {
        "Cuba": 1.0
      },
      "country_entropy": -1.000088900581841e-12,
      "region": "North America",
      "region_confidence": {
        "North America": 1.0
      },
      "region_entropy": -1.000088900581841e-12
    },
    "Cuba13/97": {
      "country": "Cuba",
      "country_confidence": {
        "Cuba": 1.0
      },
      "country_entropy": -1.000088900581841e-12,
      "region": "North America",
      "region_confidence": {
        "North America": 1.0
      },
      "region_entropy": -1.000088900581841e-12
    },
    "Cuba165/97": {
      "country": "Cuba",
      "country_confidence": {
        "Cuba": 1.0
      },
      "country_entropy": -1.000088900581841e-12,
      "region": "North America",
      "region_confidence": {
        "North America": 1.0
      },
      "region_entropy": -1.000088900581841e-12
    },
    "Cuba205/97": {
      "country": "Cuba",
      "country_confidence": {
        "Cuba": 1.0
      },
      "country_entropy": -1.000088900581841e-12,
      "region": "North America",
      "region_confidence": {
        "North America": 1.0
      },
      "region_entropy": -1.000088900581841e-12
    },
    "Cuba58/97": {
      "country": "Cuba",
      "country_confidence": {
        "Cuba": 1.0
      },
      "country_entropy": -1.000088900581841e-12,
      "region": "North America",
      "region_confidence": {
        "North America": 1.0
      },
      "region_entropy": -1.000088900581841e-12
    },
    "D2/Taiwan/407TC9509a": {
      "country": "Taiwan",
      "country_confidence": {
        "Taiwan": 1.0
      },
      "country_entropy": -1.000088900581841e-12,
      "region": "China",
      "region_confidence": {
        "China": 1.0
      },
      "region_entropy": -1.000088900581841e-12
    },
    "DENV2_30": {
      "country": "Guatemala",
      "country_confidence": {
        "Guatemala": 1.0
      },
      "country_entropy": -1.000088900581841e-12,
      "region": "North America",
      "region_confidence": {
        "North America": 1.0
      },
      "region_entropy": -1.000088900581841e-12
    },
    "DENV_2/BR/BID_V2376/2000": {
      "country": "Brazil",
      "country_confidence": {
        "Brazil": 1.0
      },
      "country_entropy": -1.000088900581841e-12,
      "region": "South America",
      "region_confidence": {
        "South America": 1.0
      },
      "region_entropy": -1.000088900581841e-12
    },
    "DENV_2/BR/BID_V2377/2000": {
      "country": "Brazil",
      "country_confidence": {
        "Brazil": 1.0
      },
      "country_entropy": -1.000088900581841e-12,
      "region": "South America",
      "region_confidence": {
        "South America": 0.9999999999999999
      },
      "region_entropy": -9.99866855976916e-13
    },
    "DENV_2/BR/BID_V2379/2001": {
      "country": "Brazil",
      "country_confidence": {
        "Brazil": 1.0
      },
      "country_entropy": -1.000088900581841e-12,
      "region": "South America",
      "region_confidence": {
        "South America": 1.0
      },
      "region_entropy": -1.000088900581841e-12
    },
    "DENV_2/BR/BID_V2382/2002": {
      "country": "Brazil",
      "country_confidence": {
        "Brazil": 1.0
      },
      "country_entropy": -1.000088900581841e-12,
      "region": "South America",
      "region_confidence": {
        "South America": 1.0
      },
      "region_entropy": -1.000088900581841e-12
    },
    "DENV_2/BR/BID_V2385/2003": {
      "country": "Brazil",
      "country_confidence": {
        "Brazil": 1.0
      },
      "country_entropy": -1.000088900581841e-12,
      "region": "South America",
      "region_confidence": {
        "South America": 1.0
      },
      "region_entropy": -1.000088900581841e-12
    },
    "DENV_2/BR/BID_V2386/2003": {
      "country": "Brazil",
      "country_confidence": {
        "Brazil": 1.0
      },
      "country_entropy": -1.000088900581841e-12,
      "region": "South America",
      "region_confidence": {
        "South America": 1.0
      },
      "region_entropy": -1.000088900581841e-12
    },
    "DENV_2/BR/BID_V2390/2004": {
      "country": "Brazil",
      "country_confidence": {
        "Brazil": 0.9999999999999999
      },
      "country_entropy": -9.99866855976916e-13,
      "region": "South America",
      "region_confidence": {
        "South America": 1.0
      },
      "region_entropy": -1.000088900581841e-12
    },
    "DENV_2/BR/BID_V2393/2005": {
      "country": "Brazil",
      "country_confidence": {
        "Brazil": 1.0
      },
      "country_entropy": -1.000088900581841e-12,
      "region": "South America",
      "region_confidence": {
        "South America": 0.9999999999999999
      },
      "region_entropy": -9.99866855976916e-13
    },
    "DENV_2/BR/BID_V2396/2006": {
      "country": "Brazil",
      "country_confidence": {
        "Brazil": 1.0
      },
