{
  "generated_by": {
    "program": "augur",
    "version": "14.1.0"
  },
  "models": {
    "country": {
      "alphabet": [
        "Anguilla",
        "Barbados",
        "Bolivia",
        "Brazil",
        "China",
        "Colombia",
        "Cuba",
        "Ecuador",
        "Grenada",
        "Guyana",
        "India",
        "Malaysia",
        "Martinique",
        "Mexico",
        "Mozambique",
        "Nicaragua",
        "Pakistan",
        "Paraguay",
        "Peru",
        "Puerto Rico",
        "Saint Lucia",
        "Senegal",
        "Singapore",
        "Sri Lanka",
        "Taiwan",
        "Thailand",
        "Trinidad And Tobago",
        "Usa",
        "Venezuela",
        "?"
      ],
      "equilibrium_probabilities": [
        0.03440578990594714,
        0.03469743611999579,
        0.034383478583010794,
        0.03333720167712386,
        0.03941875471241392,
        0.032315552144775314,
        0.03481688512403295,
        0.03425560347793249,
        0.03461182619999386,
        0.034629456420941084,
        0.036906518228871366,
        0.03516625326737249,
        0.033918128807922866,
        0.03449637985343816,
        0.03478103020422957,
        0.03411669418366791,
        0.035253967429058716,
        0.03306565730325186,
        0.036680197877473675,
        0.031478342724095686,
        0.03449010824334274,
        0.03567354530855089,
        0.0371042157429709,
        0.03388215002335961,
        0.03523111859838292,
        0.03504641611948366,
        0.034602201740334036,
        0.031778247134023996,
        0.029456842844001747
      ],
      "rate": 130.62977294078502,
      "transition_matrix": [
        [
          0.0,
          0.9696075195595842,
          0.9643821620019772,
          1.2877983726263584,
          0.9639963342427393,
          0.9638086481606668,
          0.9642249788665415,
          0.9647507427605548,
          0.9732233722004608,
          0.9929183422156901,
          0.9665433418318524,
          0.9650666538347368,
          0.9645914168212225,
          0.9642033249220444,
          0.9646222727629261,
          0.9617461498934617,
          0.9640645998584161,
          0.9644256933643652,
          0.9633542907290714,
          0.9646080157283956,
          1.0509522286865223,
          0.9643669409176359,
          0.9635510560416694,
          0.9661839870525613,
          0.9644357166270442,
          0.9642813146919585,
          0.975587589502527,
          1.055024633499875,
          1.011753508443217
        ],
        [
          0.9696075195595842,
          0.0,
          0.9642387803778183,
          1.3491053060937164,
          0.96382758903262,
          0.9634665250969842,
          0.9640364793717111,
          0.9645938722626483,
          0.9987867174725527,
          0.9867201382253543,
          0.9663888904708282,
          0.9649221782985554,
          0.9643915145156661,
          0.9640550816134421,
          0.9644735785938403,
          0.9614265850888151,
          0.9639154878367475,
          0.9642752424303164,
          0.963184467200152,
          0.9641605760991405,
          0.9812238091653075,
          0.9642184723242578,
          0.9633893257934701,
          0.966030793446839,
          0.9642893909837633,
          0.9641339265848473,
          1.0085906217548912,
          0.9652893377016408,
          0.9632106302775123
        ],
        [
          0.9643821620019772,
          0.9642387803778183,
          0.0,
          1.441845951819031,
          0.9637887936403656,
          0.963416192947122,
          0.9639969911891137,
          0.964551843271635,
          0.9642794335196009,
          0.9643627399386316,
          0.966345146472255,
          0.9648808695708948,
          0.9643298542229527,
          0.9640180609096567,
          0.964433531754612,
          0.9613871564088682,
          0.963879010468724,
          0.9640957165121261,
          0.9631545602186703,
          0.964080563352029,
          0.9643986269250592,
          0.9641786716270876,
          0.9633567560982886,
          0.9659868344582678,
          0.9642496225718334,
          0.9640968932125393,
          0.9642620940798312,
          0.961299338130307,
          0.9610663401092954
        ],
        [
          1.2877983726263584,
          1.3491053060937164,
          1.441845951819031,
          0.0,
          0.9604213009856145,
          0.9636034472669605,
          0.9821235998104973,
          1.0096572905472867,
          1.3656810144708453,
          1.3382365522716233,
          0.9636313040605492,
          0.9618272037831053,
          1.2284057312137873,
          0.9649828581885936,
          0.9620188044535962,
          1.1575909910045927,
          0.9608691033287403,
          3.339838479270777,
          0.9764683000857987,
          0.9620920397479584,
          1.326493625311024,
          0.9611213250578449,
          0.9602053577719606,
          0.9644924469008299,
          0.9612284989888208,
          0.9610915871243694,
          1.3772276141664643,
          1.8879063552827127,
          1.9123020123517893
        ],
        [
          0.9639963342427393,
          0.96382758903262,
          0.9637887936403656,
          0.9604213009856145,
          0.0,
          0.9629459079703253,
          0.9635603665029578,
          0.9641826900751036,
          0.9638750908028735,
          0.9639599747033364,
          1.961839289269549,
          0.9654744128307619,
          0.9639161533706895,
          0.9636108400799361,
          0.9643397010099013,
          0.9608396047060859,
          1.447273111728166,
          0.9636986681372662,
          0.9625759781534561,
          0.9637210019378808,
          0.9639988464606467,
          1.4468812607356443,
          2.2666849900129296,
          0.9694568460490567,
          0.9639805051234881,
          1.3706163328545717,
          0.9638546892381711,
          0.9605592547428935,
          0.9602175883691362
        ],
        [
          0.9638086481606668,
          0.9634665250969842,
          0.963416192947122,
          0.9636034472669605,
          0.9629459079703253,
          0.0,
          0.9642860009169946,
          0.9659864301583257,
          0.9635180557063749,
          0.9636439104292444,
          0.9655003097360816,
          0.9640686646388413,
          0.9635500761202868,
          0.9633016973896289,
          0.9636953313301878,
          1.0300258175254966,
          0.9631200632665107,
          0.9633837679088643,
          0.9632248974615436,
          0.9635394971377504,
          0.9637800248859236,
          0.9633920109998313,
          0.9625903614263654,
          0.9651991017848848,
          0.9634687091904757,
          0.9633305764538601,
          0.9635092119453641,
          1.0385353392789787,
          4.234972324635103
        ],
        [
          0.9642249788665415,
          0.9640364793717111,
          0.9639969911891137,
          0.9821235998104973,
          0.9635603665029578,
          0.9642860009169946,
          0.0,
          1.1974546255924392,
          0.9640806941926674,
          0.9641670476891954,
          0.9662130278081668,
          0.9646901212835248,
          0.9641457842248977,
          0.9639345661819813,
          0.9642715587182553,
          0.9947954265336156,
          0.9636741555033738,
          0.9640759414216198,
          1.3138330457499703,
          0.964125167299959,
          0.9642218711735627,
          0.9639752928238051,
          0.9631347401443974,
          0.9658830889933067,
          0.9640499495031978,
          0.9638957042386098,
          0.9640643854060552,
          1.0039371445647987,
          1.5377998855911974
        ],
        [
          0.9647507427605548,
          0.9645938722626483,
          0.964551843271635,
          1.0096572905472867,
          0.9641826900751036,
          0.9659864301583257,
          1.1974546255924392,
          0.0,
          0.9646348152339469,
          0.9647135784558646,
          0.9667943270891415,
          0.9652282206850841,
          0.9647250070579687,
          0.9646224656625515,
          0.9648474890341872,
          1.033149737308594,
          0.9642310846648052,
          0.9647865080089384,
          1.161217724302874,
          0.9646589745628756,
          0.9647532554007208,
          0.9645342158432394,
          0.9637280383204766,
          0.9664495449370303,
          0.9646009191981595,
          0.9644455316841211,
          0.9646177833658255,
          1.0588076793827064,
          1.1341173631332402
        ],
        [
          0.9732233722004608,
          0.9987867174725527,
          0.9642794335196009,
          1.3656810144708453,
          0.9638750908028735,
          0.9635180557063749,
          0.9640806941926674,
          0.9646348152339469,
          0.0,
          0.9978758364548066,
          0.9664305203987563,
          0.9649625756176875,
          0.9644345953998599,
          0.9640961789911089,
          0.9645140703409232,
          0.961483341798475,
          0.9639575286616903,
          0.9643163438877596,
          0.9632308223323103,
          0.964220215976802,
          0.9901168181615012,
          0.9642603000209002,
          0.9634349372470488,
          0.9660690665427155,
          0.9643305901121325,
          0.9641754037432336,
          1.0240215483481039,
          0.9679216591092772,
          0.9645903646323186
        ],
        [
          0.9929183422156901,
          0.9867201382253543,
          0.9643627399386316,
          1.3382365522716233,
          0.9639599747033364,
          0.9636439104292444,
          0.9641670476891954,
          0.9647135784558646,
          0.9978758364548066,
          0.0,
          0.9665101329061552,
          0.9650385278110393,
          0.964526146383452,
          0.9641717003093513,
          0.9645901149863007,
          0.9615982521987412,
          0.9640335552876431,
          0.9644341906028266,
          0.96331104302568,
          0.9643953168740864,
          1.0415319067460105,
          0.9643374881354739,
          0.9635143579652131,
          0.9661452945971686,
          0.9644068798657609,
          0.9642509057125224,
          1.005193967668688,
          0.9824282710444764,
          0.972245106173465
        ],
        [
          0.9665433418318524,
          0.9663888904708282,
          0.966345146472255,
          0.9636313040605492,
          1.961839289269549,
          0.9655003097360816,
          0.9662130278081668,
          0.9667943270891415,
          0.9664305203987563,
          0.9665101329061552,
          0.0,
          1.2511802379404333,
          0.9664387423474948,
          0.9666200099075339,
          1.0672085475841966,
          1.0497510489502757,
          1.4495801363671437,
          0.9661696279319579,
          0.9653998011842364,
          0.9663642201623602,
          0.9665479359613118,
          0.9695226010072615,
          1.3699468195959854,
          2.024316341161249,
          0.9745945815314098,
          1.302298867100821,
          0.9664124084488972,
          0.9832280298590423,
          0.9632386724316315
        ],
        [
          0.9650666538347368,
          0.9649221782985554,
          0.9648808695708948,
          0.9618272037831053,
          0.9654744128307619,
          0.9640686646388413,
          0.9646901212835248,
          0.9652282206850841,
          0.9649625756176875,
          0.9650385278110393,
          1.2511802379404333,
          0.0,
          0.9649780335122364,
          0.9647263202184044,
          0.9657254130082883,
          0.9624592525773563,
          0.9649380507145829,
          0.964759503244258,
          0.9638629373806091,
          0.9647401452054082,
          0.9650708683491145,
          0.9649191466358087,
          0.9686893971862242,
          1.293049738741688,
          0.9735121034197672,
          0.9651536877103131,
          0.9649443187371437,
          0.9619486974799604,
          0.9615460469637687
        ],
        [
          0.9645914168212225,
          0.9643915145156661,
          0.9643298542229527,
          1.2284057312137873,
          0.9639161533706895,
          0.9635500761202868,
          0.9641457842248977,
          0.9647250070579687,
          0.9644345953998599,
          0.964526146383452,
          0.9664387423474948,
          0.9649780335122364,
          0.0,
          0.9641371733354905,
          0.964560122920682,
          0.962344587293863,
          0.9639932936506713,
          0.9646779650549707,
          0.963311449421769,
          0.9645537400680471,
          0.9645893426970545,
          0.964290325372491,
          0.9634827966287636,
          0.9661160179338183,
          0.964358869985974,
          0.9642065659292193,
          0.9644195155372891,
          1.282033507775415,
          0.9645853360433706
        ],
        [
          0.9642033249220444,
          0.9640550816134421,
          0.9640180609096567,
          0.9649828581885936,
          0.9636108400799361,
          0.9633016973896289,
          0.9639345661819813,
          0.9646224656625515,
          0.9640961789911089,
          0.9641717003093513,
          0.9666200099075339,
          0.9647263202184044,
          0.9641371733354905,
          0.0,
          0.9647396082413747,
          1.3429038274164025,
          0.963719120255161,
          0.9639536401040095,
          0.9630505424493029,
          0.9639853374326547,
          0.9642059665805104,
          0.9640168927807077,
          0.963189234916417,
          0.9671242001605421,
          0.9640922902729441,
          0.9639383020300897,
          0.9640782648657218,
          1.059008073213273,
          0.9631272926791818
        ],
        [
          0.9646222727629261,
          0.9644735785938403,
          0.964433531754612,
          0.9620188044535962,
          0.9643397010099013,
          0.9636953313301878,
          0.9642715587182553,
          0.9648474890341872,
          0.9645140703409232,
          0.9645901149863007,
          1.0672085475841966,
          0.9657254130082883,
          0.964560122920682,
          0.9647396082413747,
          0.0,
          1.0448485313445448,
          0.9642433457059144,
          0.9643403155366117,
          0.9634282896559521,
          0.9645695882397861,
          0.9646243600085406,
          0.9644508811384855,
          0.9638820011348345,
          1.4101786636405074,
          0.964648593862417,
          0.9644575763032396,
          0.9644958745862802,
          0.9913483821875964,
          0.9617473368481726
        ],
        [
          0.9617461498934617,
          0.9614265850888151,
          0.9613871564088682,
          1.1575909910045927,
          0.9608396047060859,
          1.0300258175254966,
          0.9947954265336156,
          1.033149737308594,
          0.961483341798475,
          0.9615982521987412,
          1.0497510489502757,
          0.9624592525773563,
          0.962344587293863,
          1.3429038274164025,
          1.0448485313445448,
          0.0,
          0.9611031165540622,
          0.9642568027317676,
          0.9886651352283619,
          0.962104241471143,
          0.9617227761481599,
          0.9612445117974106,
          0.9606339641410845,
          1.2015528000763958,
          0.9615119582042471,
          0.9613214749830917,
          0.9614733156857984,
          1.7778451245260165,
          1.5221060379370264
        ],
        [
          0.9640645998584161,
          0.9639154878367475,
          0.963879010468724,
          0.9608691033287403,
          1.447273111728166,
          0.9631200632665107,
          0.9636741555033738,
          0.9642310846648052,
          0.9639575286616903,
          0.9640335552876431,
          1.4495801363671437,
          0.9649380507145829,
          0.9639932936506713,
          0.963719120255161,
          0.9642433457059144,
          0.9611031165540622,
          0.0,
          0.9637969215161019,
          0.9627978026148502,
          0.9638102472680475,
          0.9640672147704091,
          0.9638878772594411,
          0.963199794363915,
          0.9671125833150889,
          0.9639704059541399,
          0.9640431021909565,
          0.9639390815224846,
          0.9609197602914187,
          0.9606720799056252
        ],
        [
          0.9644256933643652,
          0.9642752424303164,
          0.9640957165121261,
          3.339838479270777,
          0.9636986681372662,
          0.9633837679088643,
          0.9640759414216198,
          0.9647865080089384,
          0.9643163438877596,
          0.9644341906028266,
          0.9661696279319579,
          0.964759503244258,
          0.9646779650549707,
          0.9639536401040095,
          0.9643403155366117,
          0.9642568027317676,
          0.9637969215161019,
          0.0,
          0.963224110002746,
          0.9640917009262467,
          0.9644899308595243,
          0.9640839254998586,
          0.9632895234671806,
          0.9658466320477217,
          0.9641533110182476,
          0.9640066843785853,
          0.9643028569251895,
          1.0028861015447483,
          0.9636075504459719
        ],
        [
          0.9633542907290714,
          0.963184467200152,
          0.9631545602186703,
          0.9764683000857987,
          0.9625759781534561,
          0.9632248974615436,
          1.3138330457499703,
          1.161217724302874,
          0.9632308223323103,
          0.96331104302568,
          0.9653998011842364,
          0.9638629373806091,
          0.963311449421769,
          0.9630505424493029,
          0.9634282896559521,
          0.9886651352283619,
          0.9627978026148502,
          0.963224110002746,
          0.0,
          0.9633390424851117,
          0.9633538327480694,
          0.9631043824175377,
          0.9621849821808869,
          0.9651212008183729,
          0.963193092427754,
          0.963034345903185,
          0.9632124194377385,
          0.998095076787244,
          1.0263627918809362
        ],
        [
          0.9646080157283956,
          0.9641605760991405,
          0.964080563352029,
          0.9620920397479584,
          0.9637210019378808,
          0.9635394971377504,
          0.964125167299959,
          0.9646589745628756,
          0.964220215976802,
          0.9643953168740864,
          0.9663642201623602,
          0.9647401452054082,
          0.9645537400680471,
          0.9639853374326547,
          0.9645695882397861,
          0.962104241471143,
          0.9638102472680475,
          0.9640917009262467,
          0.9633390424851117,
          0.0,
          0.9645894421135814,
          0.964083228096571,
          0.9633300027734494,
          0.9663780962188074,
          0.9641503504960034,
          0.9640133648399088,
          0.9642187630861618,
          4.839569485558053,
          0.9617663319153034
        ],
        [
          1.0509522286865223,
          0.9812238091653075,
          0.9643986269250592,
          1.326493625311024,
          0.9639988464606467,
          0.9637800248859236,
          0.9642218711735627,
          0.9647532554007208,
          0.9901168181615012,
          1.0415319067460105,
          0.9665479359613118,
          0.9650708683491145,
          0.9645893426970545,
          0.9642059665805104,
          0.9646243600085406,
          0.9617227761481599,
          0.9640672147704091,
          0.9644899308595243,
          0.9633538327480694,
          0.9645894421135814,
          0.0,
          0.9643703780419611,
          0.96355227498497,
          0.9661846317159472,
          0.9644392507030694,
          0.9642841819906836,
          0.9960090774728251,
          1.025702050256189,
          0.995402693856325
        ],
        [
          0.9643669409176359,
          0.9642184723242578,
          0.9641786716270876,
          0.9611213250578449,
          1.4468812607356443,
          0.9633920109998313,
          0.9639752928238051,
          0.9645342158432394,
          0.9642603000209002,
          0.9643374881354739,
          0.9695226010072615,
          0.9649191466358087,
          0.964290325372491,
          0.9640168927807077,
          0.9644508811384855,
          0.9612445117974106,
          0.9638878772594411,
          0.9640839254998586,
          0.9631043824175377,
          0.964083228096571,
          0.9643703780419611,
          0.0,
          0.9634071941233394,
          0.9660788279418508,
          0.9642600116149118,
          0.9642100748299871,
          0.9642415481071858,
          0.9611030591084754,
          0.9608880194318133
        ],
        [
          0.9635510560416694,
          0.9633893257934701,
          0.9633567560982886,
          0.9602053577719606,
          2.2666849900129296,
          0.9625903614263654,
          0.9631347401443974,
          0.9637280383204766,
          0.9634349372470488,
          0.9635143579652131,
          1.3699468195959854,
          0.9686893971862242,
          0.9634827966287636,
          0.963189234916417,
          0.9638820011348345,
          0.9606339641410845,
          0.963199794363915,
          0.9632895234671806,
          0.9621849821808869,
          0.9633300027734494,
          0.96355227498497,
          0.9634071941233394,
          0.0,
          1.4583082823061755,
          0.9787937894444443,
          1.4480819002993912,
          0.9634157569510026,
          0.9603832763588849,
          0.9600603787781863
        ],
        [
          0.9661839870525613,
          0.966030793446839,
          0.9659868344582678,
          0.9644924469008299,
          0.9694568460490567,
          0.9651991017848848,
          0.9658830889933067,
          0.9664495449370303,
          0.9660690665427155,
          0.9661452945971686,
          2.024316341161249,
          1.293049738741688,
          0.9661160179338183,
          0.9671242001605421,
          1.4101786636405074,
          1.2015528000763958,
          0.9671125833150889,
          0.9658466320477217,
          0.9651212008183729,
          0.9663780962188074,
          0.9661846317159472,
          0.9660788279418508,
          1.4583082823061755,
          0.0,
          1.448067461056137,
          0.9672005224318218,
          0.9660523159221008,
          1.0597474302898975,
          0.9640294821044005
        ],
        [
          0.9644357166270442,
          0.9642893909837633,
          0.9642496225718334,
          0.9612284989888208,
          0.9639805051234881,
          0.9634687091904757,
          0.9640499495031978,
          0.9646009191981595,
          0.9643305901121325,
          0.9644068798657609,
          0.9745945815314098,
          0.9735121034197672,
          0.964358869985974,
          0.9640922902729441,
          0.964648593862417,
          0.9615119582042471,
          0.9639704059541399,
          0.9641533110182476,
          0.963193092427754,
          0.9641503504960034,
          0.9644392507030694,
          0.9642600116149118,
          0.9787937894444443,
          1.448067461056137,
          0.0,
          0.9642102376803561,
          0.9643120777073179,
          0.9612907829333451,
          0.960991129043294
        ],
        [
          0.9642813146919585,
          0.9641339265848473,
          0.9640968932125393,
          0.9610915871243694,
          1.3706163328545717,
          0.9633305764538601,
          0.9638957042386098,
          0.9644455316841211,
          0.9641754037432336,
          0.9642509057125224,
          1.302298867100821,
          0.9651536877103131,
          0.9642065659292193,
          0.9639383020300897,
          0.9644575763032396,
          0.9613214749830917,
          0.9640431021909565,
          0.9640066843785853,
          0.963034345903185,
          0.9640133648399088,
          0.9642841819906836,
          0.9642100748299871,
          1.4480819002993912,
          0.9672005224318218,
          0.9642102376803561,
          0.0,
          0.964157095513146,
          0.9611335128872287,
          0.9608787041267643
        ],
        [
          0.975587589502527,
          1.0085906217548912,
          0.9642620940798312,
          1.3772276141664643,
          0.9638546892381711,
          0.9635092119453641,
          0.9640643854060552,
          0.9646177833658255,
          1.0240215483481039,
          1.005193967668688,
          0.9664124084488972,
          0.9649443187371437,
          0.9644195155372891,
          0.9640782648657218,
          0.9644958745862802,
          0.9614733156857984,
          0.9639390815224846,
          0.9643028569251895,
          0.9632124194377385,
          0.9642187630861618,
          0.9960090774728251,
          0.9642415481071858,
          0.9634157569510026,
          0.9660523159221008,
          0.9643120777073179,
          0.964157095513146,
          0.0,
          0.9696574493002719,
          0.9654728377153641
        ],
        [
          1.055024633499875,
          0.9652893377016408,
          0.961299338130307,
          1.8879063552827127,
          0.9605592547428935,
          1.0385353392789787,
          1.0039371445647987,
          1.0588076793827064,
          0.9679216591092772,
          0.9824282710444764,
          0.9832280298590423,
          0.9619486974799604,
          1.282033507775415,
          1.059008073213273,
          0.9913483821875964,
          1.7778451245260165,
          0.9609197602914187,
          1.0028861015447483,
          0.998095076787244,
          4.839569485558053,
          1.025702050256189,
          0.9611030591084754,
          0.9603832763588849,
          1.0597474302898975,
          0.9612907829333451,
          0.9611335128872287,
          0.9696574493002719,
          0.0,
          2.7282884010674007
        ],
        [
          1.011753508443217,
          0.9632106302775123,
          0.9610663401092954,
          1.9123020123517893,
          0.9602175883691362,
          4.234972324635103,
          1.5377998855911974,
          1.1341173631332402,
          0.9645903646323186,
          0.972245106173465,
          0.9632386724316315,
          0.9615460469637687,
          0.9645853360433706,
          0.9631272926791818,
          0.9617473368481726,
          1.5221060379370264,
          0.9606720799056252,
          0.9636075504459719,
          1.0263627918809362,
          0.9617663319153034,
          0.995402693856325,
          0.9608880194318133,
          0.9600603787781863,
          0.9640294821044005,
          0.960991129043294,
          0.9608787041267643,
          0.9654728377153641,
          2.7282884010674007,
          0.0
        ]
      ]
    },
    "region": {
      "alphabet": [
        "Africa",
        "China",
        "North America",
        "South America",
        "South Asia",
        "Southeast Asia",
        "West Asia",
        "?"
      ],
      "equilibrium_probabilities": [
        0.14860043480517943,
        0.2145902978355515,
        0.09478465105952447,
        0.11540910506218997,
        0.12583928732461294,
        0.16950728809133403,
        0.13126893582160776
      ],
      "rate": 54.16595840835317,
      "transition_matrix": [
        [
          0.0,
          1.1064576299116757,
          0.7179277457720608,
          0.7101512530875861,
          1.1044041010334475,
          0.7351817527565997,
          0.7384834689220647
        ],
        [
          1.1064576299116757,
          0.0,
          0.6999534911711024,
          0.696248886737764,
          1.7530181253477943,
          2.061506485239236,
          1.1055003513567885
        ],
        [
          0.7179277457720608,
          0.6999534911711024,
          0.0,
          5.081470651036041,
          1.0655368405222443,
          0.7062827697536773,
          0.7149357732537548
        ],
        [
          0.7101512530875861,
          0.696248886737764,
          5.081470651036041,
          0.0,
          0.7076847693062687,
          0.7029010039689765,
          0.7127228047144691
        ],
        [
          1.1044041010334475,
          1.7530181253477943,
          1.0655368405222443,
          0.7076847693062687,
          0.0,
          2.160857032265664,
          1.0959239832096703
        ],
        [
          0.7351817527565997,
          2.061506485239236,
          0.7062827697536773,
          0.7029010039689765,
          2.160857032265664,
          0.0,
          0.7345324240461691
        ],
        [
          0.7384834689220647,
          1.1055003513567885,
          0.7149357732537548,
          0.7127228047144691,
          1.0959239832096703,
          0.7345324240461691,
          0.0
        ]
      ]
    }
  },
  "nodes": {
    "101905/BR_PE/03": {
      "country": "Brazil",
      "country_confidence": {
        "Brazil": 1.0
      },
      "country_entropy": -1.000088900581841e-12,
      "region": "South America",
      "region_confidence": {
        "South America": 1.0
      },
      "region_entropy": -1.000088900581841e-12
    },
    "129/BR_PE/04": {
      "country": "Brazil",
      "country_confidence": {
        "Brazil": 1.0
      },
      "country_entropy": -1.000088900581841e-12,
      "region": "South America",
      "region_confidence": {
        "South America": 1.0
      },
      "region_entropy": -1.000088900581841e-12
    },
    "13GDZDVS30B": {
      "country": "China",
      "country_confidence": {
        "China": 1.0
      },
      "country_entropy": -1.000088900581841e-12,
      "region": "China",
      "region_confidence": {
        "China": 0.9999999999999999
      },
      "region_entropy": -9.99866855976916e-13
    },
    "13GDZDVS30C": {
      "country": "China",
      "country_confidence": {
        "China": 1.0
      },
      "country_entropy": -1.000088900581841e-12,
      "region": "China",
      "region_confidence": {
        "China": 0.9999999999999999
      },
      "region_entropy": -9.99866855976916e-13
    },
    "13GDZDVS30D": {
      "country": "China",
      "country_confidence": {
        "China": 1.0
      },
      "country_entropy": -1.000088900581841e-12,
      "region": "China",
      "region_confidence": {
        "China": 1.0
      },
      "region_entropy": -1.000088900581841e-12
    },
    "13GDZDVS30E": {
      "country": "China",
      "country_confidence": {
        "China": 1.0
      },
      "country_entropy": -1.000088900581841e-12,
      "region": "China",
      "region_confidence": {
        "China": 1.0
      },
      "region_entropy": -1.000088900581841e-12
    },
    "13GDZSDV30A": {
      "country": "China",
      "country_confidence": {
        "China": 1.0
      },
      "country_entropy": -1.000088900581841e-12,
      "region": "China",
      "region_confidence": {
        "China": 1.0
      },
      "region_entropy": -1.000088900581841e-12
    },
    "145/BR_PE/04": {
      "country": "Brazil",
      "country_confidence": {
        "Brazil": 1.0
      },
      "country_entropy": -1.000088900581841e-12,
      "region": "South America",
      "region_confidence": {
        "South America": 1.0
      },
      "region_entropy": -1.000088900581841e-12
    },
    "161/BR_PE/04": {
      "country": "Brazil",
      "country_confidence": {
        "Brazil": 1.0
      },
      "country_entropy": -1.000088900581841e-12,
      "region": "South America",
      "region_confidence": {
        "South America": 0.9999999999999999
      },
      "region_entropy": -9.99866855976916e-13
    },
    "18XN10607": {
      "country": "China",
      "country_confidence": {
        "China": 1.0
      },
      "country_entropy": -1.000088900581841e-12,
      "region": "China",
      "region_confidence": {
        "China": 1.0
      },
      "region_entropy": -1.000088900581841e-12
    },
    "18XN26997": {
      "country": "China",
      "country_confidence": {
        "China": 0.9999999999999999
      },
      "country_entropy": -9.99866855976916e-13,
      "region": "China",
      "region_confidence": {
        "China": 1.0
      },
      "region_entropy": -1.000088900581841e-12
    },
    "18XN61927": {
      "country": "China",
      "country_confidence": {
        "China": 1.0
      },
      "country_entropy": -1.000088900581841e-12,
      "region": "China",
      "region_confidence": {
        "China": 1.0
      },
      "region_entropy": -1.000088900581841e-12
    },
    "19XN11050": {
      "country": "China",
      "country_confidence": {
        "China": 1.0
      },
      "country_entropy": -1.000088900581841e-12,
      "region": "China",
      "region_confidence": {
        "China": 1.0
      },
      "region_entropy": -1.000088900581841e-12
    },
    "19XN16187": {
      "country": "China",
      "country_confidence": {
        "China": 1.0
      },
      "country_entropy": -1.000088900581841e-12,
      "region": "China",
      "region_confidence": {
        "China": 1.0
      },
      "region_entropy": -1.000088900581841e-12
    },
    "19XN16218": {
      "country": "China",
      "country_confidence": {
        "China": 1.0
      },
      "country_entropy": -1.000088900581841e-12,
      "region": "China",
      "region_confidence": {
        "China": 1.0
      },
      "region_entropy": -1.000088900581841e-12
    },
    "19XN16898": {
      "country": "China",
      "country_confidence": {
        "China": 1.0
      },
      "country_entropy": -1.000088900581841e-12,
      "region": "China",
      "region_confidence": {
        "China": 1.0
      },
      "region_entropy": -1.000088900581841e-12
    },
    "19XN17302": {
      "country": "China",
      "country_confidence": {
        "China": 1.0
      },
      "country_entropy": -1.000088900581841e-12,
      "region": "China",
      "region_confidence": {
        "China": 1.0
      },
      "region_entropy": -1.000088900581841e-12
    },
    "19XN50516": {
      "country": "China",
      "country_confidence": {
        "China": 1.0
      },
      "country_entropy": -1.000088900581841e-12,
      "region": "China",
      "region_confidence": {
        "China": 1.0
      },
      "region_entropy": -1.000088900581841e-12
    },
    "19XN50658": {
      "country": "China",
      "country_confidence": {
        "China": 1.0
      },
      "country_entropy": -1.000088900581841e-12,
      "region": "China",
      "region_confidence": {
        "China": 1.0
      },
      "region_entropy": -1.000088900581841e-12
    },
    "206/BR_PE/05": {
      "country": "Brazil",
      "country_confidence": {
        "Brazil": 1.0
      },
      "country_entropy": -1.000088900581841e-12,
      "region": "South America",
      "region_confidence": {
        "South America": 1.0
      },
      "region_entropy": -1.000088900581841e-12
    },
    "249/BR_PE/05": {
      "country": "Brazil",
      "country_confidence": {
        "Brazil": 1.0
      },
      "country_entropy": -1.000088900581841e-12,
      "region": "South America",
      "region_confidence": {
        "South America": 1.0
      },
      "region_entropy": -1.000088900581841e-12
    },
    "255/BR_PE/05": {
      "country": "Brazil",
      "country_confidence": {
        "Brazil": 1.0
      },
      "country_entropy": -1.000088900581841e-12,
      "region": "South America",
      "region_confidence": {
        "South America": 1.0
      },
      "region_entropy": -1.000088900581841e-12
    },
    "263/BR_PE/05": {
      "country": "Brazil",
      "country_confidence": {
        "Brazil": 1.0
      },
      "country_entropy": -1.000088900581841e-12,
      "region": "South America",
      "region_confidence": {
        "South America": 1.0
      },
      "region_entropy": -1.000088900581841e-12
    },
    "277/BR_PE/05": {
      "country": "Brazil",
      "country_confidence": {
        "Brazil": 1.0
      },
      "country_entropy": -1.000088900581841e-12,
      "region": "South America",
      "region_confidence": {
        "South America": 1.0
      },
      "region_entropy": -1.000088900581841e-12
    },
    "283/BR_PE/05": {
      "country": "Brazil",
      "country_confidence": {
        "Brazil": 1.0
      },
      "country_entropy": -1.000088900581841e-12,
      "region": "South America",
      "region_confidence": {
        "South America": 1.0
      },
      "region_entropy": -1.000088900581841e-12
    },
    "314/BR_PE/06": {
      "country": "Brazil",
      "country_confidence": {
        "Brazil": 1.0
      },
      "country_entropy": -1.000088900581841e-12,
      "region": "South America",
      "region_confidence": {
        "South America": 1.0
      },
      "region_entropy": -1.000088900581841e-12
    },
    "339/BR_PE/05": {
      "country": "Brazil",
      "country_confidence": {
        "Brazil": 1.0
      },
      "country_entropy": -1.000088900581841e-12,
      "region": "South America",
      "region_confidence": {
        "South America": 1.0
      },
      "region_entropy": -1.000088900581841e-12
    },
    "411/BR_PE/06": {
      "country": "Brazil",
      "country_confidence": {
        "Brazil": 1.0
      },
      "country_entropy": -1.000088900581841e-12,
      "region": "South America",
      "region_confidence": {
        "South America": 1.0
      },
      "region_entropy": -1.000088900581841e-12
    },
    "418/BR_PE/06": {
      "country": "Brazil",
      "country_confidence": {
        "Brazil": 1.0
      },
      "country_entropy": -1.000088900581841e-12,
      "region": "South America",
      "region_confidence": {
        "South America": 1.0
      },
      "region_entropy": -1.000088900581841e-12
    },
    "420/BR_PE/06": {
      "country": "Brazil",
      "country_confidence": {
        "Brazil": 1.0
      },
      "country_entropy": -1.000088900581841e-12,
      "region": "South America",
      "region_confidence": {
        "South America": 1.0
      },
      "region_entropy": -1.000088900581841e-12
    },
    "423/BR_PE/06": {
      "country": "Brazil",
      "country_confidence": {
        "Brazil": 1.0
      },
      "country_entropy": -1.000088900581841e-12,
      "region": "South America",
      "region_confidence": {
        "South America": 1.0
      },
      "region_entropy": -1.000088900581841e-12
    },
    "424/BR_PE/06": {
      "country": "Brazil",
      "country_confidence": {
        "Brazil": 1.0
      },
      "country_entropy": -1.000088900581841e-12,
      "region": "South America",
      "region_confidence": {
        "South America": 1.0
      },
      "region_entropy": -1.000088900581841e-12
    },
    "449335_Boyaca_CO_2015": {
      "country": "Colombia",
      "country_confidence": {
        "Colombia": 1.0
      },
      "country_entropy": -1.000088900581841e-12,
      "region": "South America",
      "region_confidence": {
        "South America": 1.0
      },
      "region_entropy": -1.000088900581841e-12
    },
    "449686_Antioquia_CO_2015": {
      "country": "Colombia",
      "country_confidence": {
        "Colombia": 1.0
      },
      "country_entropy": -1.000088900581841e-12,
      "region": "South America",
      "region_confidence": {
        "South America": 1.0
      },
      "region_entropy": -1.000088900581841e-12
    },
    "449982_Meta_CO_2015": {
      "country": "Colombia",
      "country_confidence": {
        "Colombia": 1.0
      },
      "country_entropy": -1.000088900581841e-12,
      "region": "South America",
      "region_confidence": {
        "South America": 1.0
      },
      "region_entropy": -1.000088900581841e-12
    },
    "476947_Risaralda_CO_2016": {
      "country": "Colombia",
      "country_confidence": {
        "Colombia": 1.0
      },
      "country_entropy": -1.000088900581841e-12,
      "region": "South America",
      "region_confidence": {
