Map from character to field name
A:	Africa
B:	China
C:	North America
D:	South America
E:	South Asia
F:	Southeast Asia
G:	West Asia
H:	?


Substitution rate (mu): 54.165958

Equilibrium frequencies (pi_i):
  A: 0.1486
  B: 0.2146
  C: 0.0948
  D: 0.1154
  E: 0.1258
  F: 0.1695
  G: 0.1313

Symmetrized rates from j->i (W_ij):
	A	B	C	D	E	F	G
  A	0	1.1065	0.7179	0.7102	1.1044	0.7352	0.7385
  B	1.1065	0	0.7	0.6962	1.753	2.0615	1.1055
  C	0.7179	0.7	0	5.0815	1.0655	0.7063	0.7149
  D	0.7102	0.6962	5.0815	0	0.7077	0.7029	0.7127
  E	1.1044	1.753	1.0655	0.7077	0	2.1609	1.0959
  F	0.7352	2.0615	0.7063	0.7029	2.1609	0	0.7345
  G	0.7385	1.1055	0.7149	0.7127	1.0959	0.7345	0

Actual rates from j->i (Q_ij):
	A	B	C	D	E	F	G
  A	0	0.1644	0.1067	0.1055	0.1641	0.1092	0.1097
  B	0.2374	0	0.1502	0.1494	0.3762	0.4424	0.2372
  C	0.068	0.0663	0	0.4816	0.101	0.0669	0.0678
  D	0.082	0.0804	0.5864	0	0.0817	0.0811	0.0823
  E	0.139	0.2206	0.1341	0.0891	0	0.2719	0.1379
  F	0.1246	0.3494	0.1197	0.1191	0.3663	0	0.1245
  G	0.0969	0.1451	0.0938	0.0936	0.1439	0.0964	0
