Map from character to field name
A:	Africa
B:	China
C:	Europe
D:	Japan Korea
E:	Oceania
F:	South Asia
G:	Southeast Asia
H:	West Asia
I:	?


Substitution rate (mu): 58.844082

Equilibrium frequencies (pi_i):
  A: 0.1385
  B: 0.0619
  C: 0.1451
  D: 0.113
  E: 0.1281
  F: 0.0917
  G: 0.183
  H: 0.1388

Symmetrized rates from j->i (W_ij):
	A	B	C	D	E	F	G	H
  A	0	0.7269	0.6901	0.6893	0.69	0.689	0.8573	0.8036
  B	0.7269	0	0.6797	0.6951	0.6817	0.7714	12.8713	0.7263
  C	0.6901	0.6797	0	0.6877	0.689	1.0319	0.9539	0.6901
  D	0.6893	0.6951	0.6877	0	0.6879	0.6872	1.6092	0.6893
  E	0.69	0.6817	0.689	0.6879	0	0.6879	0.9746	0.69
  F	0.689	0.7714	1.0319	0.6872	0.6879	0	1.5672	0.689
  G	0.8573	12.8713	0.9539	1.6092	0.9746	1.5672	0	0.8544
  H	0.8036	0.7263	0.6901	0.6893	0.69	0.689	0.8544	0

Actual rates from j->i (Q_ij):
	A	B	C	D	E	F	G	H
  A	0	0.1007	0.0956	0.0954	0.0955	0.0954	0.1187	0.1113
  B	0.045	0	0.0421	0.0431	0.0422	0.0478	0.7972	0.045
  C	0.1001	0.0986	0	0.0998	0.1	0.1497	0.1384	0.1001
  D	0.0779	0.0785	0.0777	0	0.0777	0.0776	0.1818	0.0779
  E	0.0884	0.0873	0.0882	0.0881	0	0.0881	0.1248	0.0884
  F	0.0632	0.0707	0.0946	0.063	0.0631	0	0.1437	0.0632
  G	0.1568	2.3549	0.1745	0.2944	0.1783	0.2867	0	0.1563
  H	0.1115	0.1008	0.0958	0.0957	0.0958	0.0956	0.1186	0
