{
  "generated_by": {
    "program": "augur",
    "version": "14.1.0"
  },
  "models": {
    "country": {
      "alphabet": [
        "Brazil",
        "China",
        "Colombia",
        "Ecuador",
        "French Polynesia",
        "Haiti",
        "Indonesia",
        "Japan",
        "Malaysia",
        "New Caledonia",
        "Papua New Guinea",
        "Philippines",
        "Singapore",
        "Taiwan",
        "Thailand",
        "Usa",
        "Venezuela",
        "Wallis And Futuna",
        "?"
      ],
      "equilibrium_probabilities": [
        0.06056750005568639,
        0.05661435350165079,
        0.048973899076911236,
        0.054021642632724534,
        0.05954430019649441,
        0.055865507823809134,
        0.06122649880125813,
        0.05546847961971542,
        0.055199917824826604,
        0.05533940238375834,
        0.05400321918401763,
        0.05640237685014929,
        0.05500184393735619,
        0.055201752860125616,
        0.05545280221718741,
        0.052516225818373743,
        0.051926359390649955,
        0.05667391782530525
      ],
      "rate": 171.0474766065447,
      "transition_matrix": [
        [
          0.0,
          0.9521994888863794,
          1.7168851851740028,
          0.9485516286634212,
          0.9483010682615186,
          1.4293021013630673,
          0.9783041385028611,
          0.9503819565160655,
          0.9504358362447923,
          0.9495496201383327,
          0.9488782341494747,
          0.9495194135159395,
          0.9582414315685887,
          0.949368518586275,
          0.9493139184832349,
          1.5131432109785878,
          2.270748970845737,
          0.9485008087929367
        ],
        [
          0.9521994888863794,
          0.0,
          0.9660823819102761,
          0.951866420682081,
          0.9521423520105976,
          0.9523482582100699,
          1.5952041399472106,
          0.9550057309164413,
          0.9550871276782348,
          0.9567787861923933,
          0.9528099975969976,
          1.4058094086397819,
          1.3338691656499841,
          0.9537425642564163,
          0.9536155541691028,
          0.9619045135031378,
          0.9511534019317959,
          0.9521359470792482
        ],
        [
          1.7168851851740028,
          0.9660823819102761,
          0.0,
          0.9561302310244723,
          0.9564964478558263,
          0.9898974250107754,
          1.054087854930814,
          0.9585217965620917,
          0.9586197889742957,
          0.9599432513086609,
          0.9572564342879404,
          0.9578818908158427,
          0.984417145136422,
          0.9576708448597896,
          0.9575474173529919,
          1.3867615389907895,
          2.9273202162830727,
          0.9562286774707748
        ],
        [
          0.9485516286634212,
          0.951866420682081,
          0.9561302310244723,
          0.0,
          0.9498630617948106,
          0.9499592374321676,
          0.9616419162923138,
          0.9514992171241491,
          0.951523972863054,
          0.9502909742658343,
          0.9500555594883829,
          0.9507111937958989,
          0.954416515022673,
          0.9505588345881272,
          0.9505384290491702,
          0.9533188750946264,
          1.4220173737856063,
          0.949985348881148
        ],
        [
          0.9483010682615186,
          0.9521423520105976,
          0.9564964478558263,
          0.9498630617948106,
          0.0,
          0.9499421042490607,
          0.9650842433715563,
          0.9516948878382515,
          0.9517225249068475,
          1.9118241045250945,
          0.9500975338766607,
          0.9508318685904366,
          0.9554280676639045,
          0.9506712650244887,
          0.9506459181126617,
          0.953608570170015,
          0.9477932582636,
          0.955415790429645
        ],
        [
          1.4293021013630673,
          0.9523482582100699,
          0.9898974250107754,
          0.9499592374321676,
          0.9499421042490607,
          0.0,
          0.9657291097266723,
          0.9516460833824345,
          0.9516741999674081,
          0.950496254835065,
          0.9501638820620398,
          0.950858430852815,
          0.9556414034524178,
          0.9506830469098582,
          0.9506577147181313,
          1.861395478703511,
          0.9841018538323231,
          0.9500628606170244
        ],
        [
          0.9783041385028611,
          1.5952041399472106,
          1.054087854930814,
          0.9616419162923138,
          0.9650842433715563,
          0.9657291097266723,
          0.0,
          1.2402173298176813,
          1.2835138715644265,
          1.7058880437648085,
          1.4475553969211068,
          0.9868942922975157,
          2.719126679289479,
          1.2763619383248204,
          1.2346571458513902,
          1.0352326371197116,
          0.9734604221041355,
          0.9656352586611469
        ],
        [
          0.9503819565160655,
          0.9550057309164413,
          0.9585217965620917,
          0.9514992171241491,
          0.9516948878382515,
          0.9516460833824345,
          1.2402173298176813,
          0.0,
          1.2531062825972312,
          0.9534586776237216,
          0.952430549746909,
          0.9526145708847076,
          0.9682816712327038,
          0.9529618223836415,
          0.9528844682915901,
          0.9557254234732621,
          0.949598582411939,
          0.9517291275624402
        ],
        [
          0.9504358362447923,
          0.9550871276782348,
          0.9586197889742957,
          0.951523972863054,
          0.9517225249068475,
          0.9516741999674081,
          1.2835138715644265,
          1.2531062825972312,
          0.0,
          0.9535591826364025,
          0.952470233531504,
          0.9526487131428585,
          0.9698902734180402,
          0.9530291493058749,
          0.9529473665137387,
          0.9558180943811728,
          0.9496461212475665,
          0.9517548612379811
        ],
        [
          0.9495496201383327,
          0.9567787861923933,
          0.9599432513086609,
          0.9502909742658343,
          1.9118241045250945,
          0.950496254835065,
          1.7058880437648085,
          0.9534586776237216,
          0.9535591826364025,
          0.0,
          0.9509865900073002,
          0.952052909143834,
          1.30380586650007,
          0.9535377831540791,
          0.9531563426538456,
          0.9566126968191407,
          0.9488774994845148,
          1.430819048456269
        ],
        [
          0.9488782341494747,
          0.9528099975969976,
          0.9572564342879404,
          0.9500555594883829,
          0.9500975338766607,
          0.9501638820620398,
          1.4475553969211068,
          0.952430549746909,
          0.952470233531504,
          0.9509865900073002,
          0.0,
          0.9510834227961061,
          0.9699196255797548,
          0.9510953902460213,
          0.9510625471075995,
          0.9544238316201981,
          0.9483328221970445,
          0.9502100322243945
        ],
        [
          0.9495194135159395,
          1.4058094086397819,
          0.9578818908158427,
          0.9507111937958989,
          0.9508318685904366,
          0.950858430852815,
          0.9868942922975157,
          0.9526145708847076,
          0.9526487131428585,
          0.952052909143834,
          0.9510834227961061,
          0.0,
          1.031604730643548,
          0.9516382547408253,
          0.9516006365767746,
          0.9550090997787911,
          0.9488753475911341,
          0.950905934290438
        ],
        [
          0.9582414315685887,
          1.3338691656499841,
          0.984417145136422,
          0.954416515022673,
          0.9554280676639045,
          0.9556414034524178,
          2.719126679289479,
          0.9682816712327038,
          0.9698902734180402,
          1.30380586650007,
          0.9699196255797548,
          1.031604730643548,
          0.0,
          0.964236242750411,
          0.9630736545562572,
          0.9773782111888245,
          0.9563254921450383,
          0.9551095582839989
        ],
        [
          0.949368518586275,
          0.9537425642564163,
          0.9576708448597896,
          0.9505588345881272,
          0.9506712650244887,
          0.9506830469098582,
          1.2763619383248204,
          0.9529618223836415,
          0.9530291493058749,
          0.9535377831540791,
          0.9510953902460213,
          0.9516382547408253,
          0.964236242750411,
          0.0,
          1.3394987990577893,
          0.954835790609153,
          0.9487435278900547,
          0.9507566224990254
        ],
        [
          0.9493139184832349,
          0.9536155541691028,
          0.9575474173529919,
          0.9505384290491702,
          0.9506459181126617,
          0.9506577147181313,
          1.2346571458513902,
          0.9528844682915901,
          0.9529473665137387,
          0.9531563426538456,
          0.9510625471075995,
          0.9516006365767746,
          0.9630736545562572,
          1.3394987990577893,
          0.0,
          0.9547239410670548,
          0.948694964218408,
          0.9507327992665374
        ],
        [
          1.5131432109785878,
          0.9619045135031378,
          1.3867615389907895,
          0.9533188750946264,
          0.953608570170015,
          1.861395478703511,
          1.0352326371197116,
          0.9557254234732621,
          0.9558180943811728,
          0.9566126968191407,
          0.9544238316201981,
          0.9550090997787911,
          0.9773782111888245,
          0.954835790609153,
          0.9547239410670548,
          0.0,
          1.5159576316607741,
          0.9534985931904799
        ],
        [
          2.270748970845737,
          0.9511534019317959,
          2.9273202162830727,
          1.4220173737856063,
          0.9477932582636,
          0.9841018538323231,
          0.9734604221041355,
          0.949598582411939,
          0.9496461212475665,
          0.9488774994845148,
          0.9483328221970445,
          0.9488753475911341,
          0.9563254921450383,
          0.9487435278900547,
          0.948694964218408,
          1.5159576316607741,
          0.0,
          0.9480012461668881
        ],
        [
          0.9485008087929367,
          0.9521359470792482,
          0.9562286774707748,
          0.949985348881148,
          0.955415790429645,
          0.9500628606170244,
          0.9656352586611469,
          0.9517291275624402,
          0.9517548612379811,
          1.430819048456269,
          0.9502100322243945,
          0.950905934290438,
          0.9551095582839989,
          0.9507566224990254,
          0.9507327992665374,
          0.9534985931904799,
          0.9480012461668881,
          0.0
        ]
      ]
    },
    "region": {
      "alphabet": [
        "China",
        "Japan Korea",
        "North America",
        "Oceania",
        "South America",
        "Southeast Asia",
        "?"
      ],
      "equilibrium_probabilities": [
        0.1668365337366324,
        0.14534532799002395,
        0.12158139927397772,
        0.16857299251348354,
        0.20948693613632108,
        0.18817681034956135
      ],
      "rate": 60.877140459044625,
      "transition_matrix": [
        [
          0.0,
          0.8406400474035008,
          0.8423829939057396,
          0.8392285587473585,
          0.8341938570159971,
          2.274817138426198
        ],
        [
          0.8406400474035008,
          0.0,
          0.8396344553559084,
          0.840199476804339,
          0.8311604148686412,
          1.2688756278388242
        ],
        [
          0.8423829939057396,
          0.8396344553559084,
          0.0,
          0.8416197602724161,
          2.582552901905318,
          0.9684911935396384
        ],
        [
          0.8392285587473585,
          0.840199476804339,
          0.8416197602724161,
          0.0,
          0.8328623604366585,
          2.126148806648045
        ],
        [
          0.8341938570159971,
          0.8311604148686412,
          2.582552901905318,
          0.8328623604366585,
          0.0,
          1.0369669027732147
        ],
        [
          2.274817138426198,
          1.2688756278388242,
          0.9684911935396384,
          2.126148806648045,
          1.0369669027732147,
          0.0
        ]
      ]
    }
  },
  "nodes": {
    "00151_P": {
      "country": "Ecuador",
      "country_confidence": {
        "Ecuador": 1.0
      },
      "country_entropy": -1.000088900581841e-12,
      "region": "South America",
      "region_confidence": {
        "South America": 1.0
      },
      "region_entropy": -1.000088900581841e-12
    },
    "2018XN20946a": {
      "country": "China",
      "country_confidence": {
        "China": 1.0
      },
      "country_entropy": -1.000088900581841e-12,
      "region": "China",
      "region_confidence": {
        "China": 1.0
      },
      "region_entropy": -1.000088900581841e-12
    },
    "BR/SJRP/500/2012": {
      "country": "Brazil",
      "country_confidence": {
        "Brazil": 1.0
      },
      "country_entropy": -1.000088900581841e-12,
      "region": "South America",
      "region_confidence": {
        "South America": 1.0
      },
      "region_entropy": -1.000088900581841e-12
    },
    "BR/SJRP/505/2012": {
      "country": "Brazil",
      "country_confidence": {
        "Brazil": 1.0
      },
      "country_entropy": -1.000088900581841e-12,
      "region": "South America",
      "region_confidence": {
        "South America": 1.0
      },
      "region_entropy": -1.000088900581841e-12
    },
    "BR/SJRP/506/2012": {
      "country": "Brazil",
      "country_confidence": {
        "Brazil": 1.0
      },
      "country_entropy": -1.000088900581841e-12,
      "region": "South America",
      "region_confidence": {
        "South America": 1.0
      },
      "region_entropy": -1.000088900581841e-12
    },
    "BR/SJRP/514/2012": {
      "country": "Brazil",
      "country_confidence": {
        "Brazil": 1.0
      },
      "country_entropy": -1.000088900581841e-12,
      "region": "South America",
      "region_confidence": {
        "South America": 1.0
      },
      "region_entropy": -1.000088900581841e-12
    },
    "BR/SJRP/556/2012": {
      "country": "Brazil",
      "country_confidence": {
        "Brazil": 1.0
      },
      "country_entropy": -1.000088900581841e-12,
      "region": "South America",
      "region_confidence": {
        "South America": 1.0
      },
      "region_entropy": -1.000088900581841e-12
    },
    "BR/SJRP/580/2012": {
      "country": "Brazil",
      "country_confidence": {
        "Brazil": 1.0
      },
      "country_entropy": -1.000088900581841e-12,
      "region": "South America",
      "region_confidence": {
        "South America": 1.0
      },
      "region_entropy": -1.000088900581841e-12
    },
    "BR/SJRP/610/2013": {
      "country": "Brazil",
      "country_confidence": {
        "Brazil": 1.0
      },
      "country_entropy": -1.000088900581841e-12,
      "region": "South America",
      "region_confidence": {
        "South America": 1.0
      },
      "region_entropy": -1.000088900581841e-12
    },
    "BR/SJRP/614/2013": {
      "country": "Brazil",
      "country_confidence": {
        "Brazil": 1.0
      },
      "country_entropy": -1.000088900581841e-12,
      "region": "South America",
      "region_confidence": {
        "South America": 1.0
      },
      "region_entropy": -1.000088900581841e-12
    },
    "BR/SJRP/733/2013": {
      "country": "Brazil",
      "country_confidence": {
        "Brazil": 1.0
      },
      "country_entropy": -1.000088900581841e-12,
      "region": "South America",
      "region_confidence": {
        "South America": 1.0
      },
      "region_entropy": -1.000088900581841e-12
    },
    "BR/SJRP/850/2013": {
      "country": "Brazil",
      "country_confidence": {
        "Brazil": 1.0
      },
      "country_entropy": -1.000088900581841e-12,
      "region": "South America",
      "region_confidence": {
        "South America": 1.0
      },
      "region_entropy": -1.000088900581841e-12
    },
    "BR005AM_2011": {
      "country": "Brazil",
      "country_confidence": {
        "Brazil": 0.9999999999999999
      },
      "country_entropy": -9.99866855976916e-13,
      "region": "South America",
      "region_confidence": {
        "South America": 1.0
      },
      "region_entropy": -1.000088900581841e-12
    },
    "Br246RR/10": {
      "country": "Brazil",
      "country_confidence": {
        "Brazil": 1.0
      },
      "country_entropy": -1.000088900581841e-12,
      "region": "South America",
      "region_confidence": {
        "South America": 1.0
      },
      "region_entropy": -1.000088900581841e-12
    },
    "CNR_16861": {
      "country": "Malaysia",
      "country_confidence": {
        "Malaysia": 0.9999999999999999
      },
      "country_entropy": -9.99866855976916e-13,
      "region": "Southeast Asia",
      "region_confidence": {
        "Southeast Asia": 1.0
      },
      "region_entropy": -1.000088900581841e-12
    },
    "D4/Hu/India/NIID48/2009": {
      "country": "Japan",
      "country_confidence": {
        "Japan": 0.9999999999999999
      },
      "country_entropy": -9.99866855976916e-13,
      "region": "Japan Korea",
      "region_confidence": {
        "Japan Korea": 0.9999999999999999
      },
      "region_entropy": -9.99866855976916e-13
    },
    "DENV4/CN/GZ29/2010": {
      "country": "China",
      "country_confidence": {
        "China": 1.0
      },
      "country_entropy": -1.000088900581841e-12,
      "region": "China",
      "region_confidence": {
        "China": 1.0
      },
      "region_entropy": -1.000088900581841e-12
    },
    "DENV4_61120": {
      "country": "Indonesia",
      "country_confidence": {
        "Indonesia": 1.0
      },
      "country_entropy": -1.000088900581841e-12,
      "region": "Southeast Asia",
      "region_confidence": {
        "Southeast Asia": 1.0
      },
      "region_entropy": -1.000088900581841e-12
    },
    "DENV_4/CO/BID_V1600/1997": {
      "country": "Colombia",
      "country_confidence": {
        "Colombia": 1.0
      },
      "country_entropy": -1.000088900581841e-12,
      "region": "South America",
      "region_confidence": {
        "South America": 1.0
      },
      "region_entropy": -1.000088900581841e-12
    },
    "DENV_4/CO/BID_V3406/2001": {
      "country": "Colombia",
      "country_confidence": {
        "Colombia": 1.0
      },
      "country_entropy": -1.000088900581841e-12,
      "region": "South America",
      "region_confidence": {
        "South America": 1.0
      },
      "region_entropy": -1.000088900581841e-12
    },
    "DENV_4/CO/BID_V3407/2001": {
      "country": "Colombia",
      "country_confidence": {
        "Colombia": 1.0
      },
      "country_entropy": -1.000088900581841e-12,
      "region": "South America",
      "region_confidence": {
        "South America": 1.0
      },
      "region_entropy": -1.000088900581841e-12
    },
    "DENV_4/CO/BID_V3408/2001": {
      "country": "Colombia",
      "country_confidence": {
        "Colombia": 1.0
      },
      "country_entropy": -1.000088900581841e-12,
      "region": "South America",
      "region_confidence": {
        "South America": 1.0
      },
      "region_entropy": -1.000088900581841e-12
    },
    "DENV_4/CO/BID_V3409/2001": {
      "country": "Colombia",
      "country_confidence": {
        "Colombia": 1.0
      },
      "country_entropy": -1.000088900581841e-12,
      "region": "South America",
      "region_confidence": {
        "South America": 1.0
      },
      "region_entropy": -1.000088900581841e-12
    },
    "DENV_4/CO/BID_V3410/2004": {
      "country": "Colombia",
      "country_confidence": {
        "Colombia": 1.0
      },
      "country_entropy": -1.000088900581841e-12,
      "region": "South America",
      "region_confidence": {
        "South America": 1.0
      },
      "region_entropy": -1.000088900581841e-12
    },
    "DENV_4/CO/BID_V3411/2004": {
      "country": "Colombia",
      "country_confidence": {
        "Colombia": 1.0
      },
      "country_entropy": -1.000088900581841e-12,
      "region": "South America",
      "region_confidence": {
        "South America": 1.0
      },
      "region_entropy": -1.000088900581841e-12
    },
    "DENV_4/CO/BID_V3412/2005": {
      "country": "Colombia",
      "country_confidence": {
        "Colombia": 0.9999999999999999
      },
      "country_entropy": -9.99866855976916e-13,
      "region": "South America",
      "region_confidence": {
        "South America": 1.0
      },
      "region_entropy": -1.000088900581841e-12
    },
    "DENV_4/MT/BR12_TVP17898/2012": {
      "country": "Brazil",
      "country_confidence": {
        "Brazil": 1.0
      },
      "country_entropy": -1.000088900581841e-12,
      "region": "South America",
      "region_confidence": {
        "South America": 1.0
      },
      "region_entropy": -1.000088900581841e-12
    },
    "DENV_4/MT/BR20_TVP17906/2012": {
      "country": "Brazil",
      "country_confidence": {
        "Brazil": 1.0
      },
      "country_entropy": -1.000088900581841e-12,
      "region": "South America",
      "region_confidence": {
        "South America": 0.9999999999999999
      },
      "region_entropy": -9.99866855976916e-13
    },
    "DENV_4/MT/BR23_TVP17909/2012": {
      "country": "Brazil",
      "country_confidence": {
        "Brazil": 1.0
      },
      "country_entropy": -1.000088900581841e-12,
      "region": "South America",
      "region_confidence": {
        "South America": 1.0
      },
      "region_entropy": -1.000088900581841e-12
    },
    "DENV_4/MT/BR24_TVP17910/2012": {
      "country": "Brazil",
      "country_confidence": {
        "Brazil": 0.9999999999999999
      },
      "country_entropy": -9.99866855976916e-13,
      "region": "South America",
      "region_confidence": {
        "South America": 1.0
      },
      "region_entropy": -1.000088900581841e-12
    },
    "DENV_4/MT/BR27_TVP17913/2012": {
      "country": "Brazil",
      "country_confidence": {
        "Brazil": 1.0
      },
      "country_entropy": -1.000088900581841e-12,
      "region": "South America",
      "region_confidence": {
        "South America": 1.0
      },
      "region_entropy": -1.000088900581841e-12
    },
    "DENV_4/MT/BR28_TVP17914/2012": {
      "country": "Brazil",
      "country_confidence": {
        "Brazil": 1.0
      },
      "country_entropy": -1.000088900581841e-12,
      "region": "South America",
      "region_confidence": {
        "South America": 0.9999999999999999
      },
      "region_entropy": -9.99866855976916e-13
    },
    "DENV_4/MT/BR2_TVP17888/2012": {
      "country": "Brazil",
      "country_confidence": {
        "Brazil": 1.0
      },
      "country_entropy": -1.000088900581841e-12,
      "region": "South America",
      "region_confidence": {
        "South America": 0.9999999999999999
      },
      "region_entropy": -9.99866855976916e-13
    },
    "DENV_4/MT/BR33_TVP17919/2012": {
      "country": "Brazil",
      "country_confidence": {
        "Brazil": 0.9999999999999999
      },
      "country_entropy": -9.99866855976916e-13,
      "region": "South America",
      "region_confidence": {
        "South America": 1.0
      },
      "region_entropy": -1.000088900581841e-12
    },
    "DENV_4/MT/BR35_TVP17921/2012": {
      "country": "Brazil",
      "country_confidence": {
        "Brazil": 1.0
      },
      "country_entropy": -1.000088900581841e-12,
      "region": "South America",
      "region_confidence": {
        "South America": 1.0
      },
      "region_entropy": -1.000088900581841e-12
    },
    "DENV_4/MT/BR40_TVP17926/2012": {
      "country": "Brazil",
      "country_confidence": {
        "Brazil": 1.0
      },
      "country_entropy": -1.000088900581841e-12,
      "region": "South America",
      "region_confidence": {
        "South America": 0.9999999999999999
      },
      "region_entropy": -9.99866855976916e-13
    },
    "DENV_4/MT/BR44_TVP17930/2012": {
      "country": "Brazil",
      "country_confidence": {
        "Brazil": 1.0
      },
      "country_entropy": -1.000088900581841e-12,
      "region": "South America",
      "region_confidence": {
        "South America": 1.0
      },
      "region_entropy": -1.000088900581841e-12
    },
    "DENV_4/MT/BR47_TVP17933/2012": {
      "country": "Brazil",
      "country_confidence": {
        "Brazil": 1.0
      },
      "country_entropy": -1.000088900581841e-12,
      "region": "South America",
      "region_confidence": {
        "South America": 1.0
      },
      "region_entropy": -1.000088900581841e-12
    },
    "DENV_4/MT/BR48_TVP17934/2012": {
      "country": "Brazil",
      "country_confidence": {
        "Brazil": 1.0
      },
      "country_entropy": -1.000088900581841e-12,
      "region": "South America",
      "region_confidence": {
        "South America": 1.0
      },
      "region_entropy": -1.000088900581841e-12
    },
    "DENV_4/MT/BR50_TVP18148/2012": {
      "country": "Brazil",
      "country_confidence": {
        "Brazil": 1.0
      },
      "country_entropy": -1.000088900581841e-12,
      "region": "South America",
      "region_confidence": {
        "South America": 1.0
      },
      "region_entropy": -1.000088900581841e-12
    },
    "DENV_4/MT/BR52_TVP17938/2012": {
      "country": "Brazil",
      "country_confidence": {
        "Brazil": 1.0
      },
      "country_entropy": -1.000088900581841e-12,
      "region": "South America",
      "region_confidence": {
        "South America": 1.0
      },
      "region_entropy": -1.000088900581841e-12
    },
    "DENV_4/MT/BR53_TVP17939/2012": {
      "country": "Brazil",
      "country_confidence": {
        "Brazil": 1.0
      },
      "country_entropy": -1.000088900581841e-12,
      "region": "South America",
      "region_confidence": {
        "South America": 1.0
      },
      "region_entropy": -1.000088900581841e-12
    },
    "DENV_4/MT/BR55_TVP17941/2012": {
      "country": "Brazil",
      "country_confidence": {
        "Brazil": 1.0
      },
      "country_entropy": -1.000088900581841e-12,
      "region": "South America",
      "region_confidence": {
        "South America": 1.0
      },
      "region_entropy": -1.000088900581841e-12
    },
    "DENV_4/MT/BR60_TVP17946/2012": {
      "country": "Brazil",
      "country_confidence": {
        "Brazil": 1.0
      },
      "country_entropy": -1.000088900581841e-12,
      "region": "South America",
      "region_confidence": {
        "South America": 0.9999999999999999
      },
      "region_entropy": -9.99866855976916e-13
    },
    "DENV_4/MT/BR73_TVP17951/2012": {
      "country": "Brazil",
      "country_confidence": {
        "Brazil": 0.9999999999999999
      },
      "country_entropy": -9.99866855976916e-13,
      "region": "South America",
      "region_confidence": {
        "South America": 1.0
      },
      "region_entropy": -1.000088900581841e-12
    },
    "DENV_4/MT/BR76_TVP17953/2012": {
      "country": "Brazil",
      "country_confidence": {
        "Brazil": 1.0
      },
      "country_entropy": -1.000088900581841e-12,
      "region": "South America",
      "region_confidence": {
        "South America": 0.9999999999999999
      },
      "region_entropy": -9.99866855976916e-13
    },
    "DENV_4/MT/BR84_TVP17961/2012": {
      "country": "Brazil",
      "country_confidence": {
        "Brazil": 1.0
      },
      "country_entropy": -1.000088900581841e-12,
      "region": "South America",
      "region_confidence": {
        "South America": 0.9999999999999999
      },
      "region_entropy": -9.99866855976916e-13
    },
    "DENV_4/MT/BR8_TVP17894/2012": {
      "country": "Brazil",
      "country_confidence": {
        "Brazil": 0.9999999999999999
      },
      "country_entropy": -9.99866855976916e-13,
      "region": "South America",
      "region_confidence": {
        "South America": 1.0
      },
      "region_entropy": -1.000088900581841e-12
    },
    "DENV_4/MT/BR91_TVP17968/2012": {
      "country": "Brazil",
      "country_confidence": {
        "Brazil": 1.0
      },
      "country_entropy": -1.000088900581841e-12,
      "region": "South America",
      "region_confidence": {
        "South America": 1.0
      },
      "region_entropy": -1.000088900581841e-12
    },
    "DENV_4/MT/BR92_TVP17969/2012": {
      "country": "Brazil",
      "country_confidence": {
        "Brazil": 1.0
      },
      "country_entropy": -1.000088900581841e-12,
      "region": "South America",
      "region_confidence": {
        "South America": 1.0
      },
      "region_entropy": -1.000088900581841e-12
    },
    "DENV_4/MT/BR94_TVP17971/2012": {
      "country": "Brazil",
      "country_confidence": {
        "Brazil": 1.0
      },
      "country_entropy": -1.000088900581841e-12,
      "region": "South America",
      "region_confidence": {
        "South America": 0.9999999999999999
      },
      "region_entropy": -9.99866855976916e-13
    },
    "DENV_4/MT/BR9_TVP17895/2012": {
      "country": "Brazil",
      "country_confidence": {
        "Brazil": 0.9999999999999999
      },
      "country_entropy": -9.99866855976916e-13,
      "region": "South America",
      "region_confidence": {
        "South America": 1.0
      },
      "region_entropy": -1.000088900581841e-12
    },
    "DENV_4/SG/06K2270DK1/2005": {
      "country": "Singapore",
      "country_confidence": {
        "Singapore": 1.0
      },
      "country_entropy": -1.000088900581841e-12,
      "region": "Southeast Asia",
      "region_confidence": {
        "Southeast Asia": 0.9999999999999999
      },
      "region_entropy": -9.99866855976916e-13
    },
    "DENV_4/US/BID_V1082/1998": {
      "country": "Usa",
      "country_confidence": {
        "Usa": 1.0
      },
      "country_entropy": -1.000088900581841e-12,
      "region": "North America",
      "region_confidence": {
        "North America": 1.0
      },
      "region_entropy": -1.000088900581841e-12
    },
    "DENV_4/US/BID_V1093/1998": {
      "country": "Usa",
      "country_confidence": {
        "Usa": 0.9999999999999999
      },
      "country_entropy": -9.99866855976916e-13,
      "region": "North America",
      "region_confidence": {
        "North America": 1.0
      },
      "region_entropy": -1.000088900581841e-12
    },
    "DENV_4/US/BID_V1094/1998": {
      "country": "Usa",
      "country_confidence": {
        "Usa": 1.0
      },
      "country_entropy": -1.000088900581841e-12,
      "region": "North America",
      "region_confidence": {
        "North America": 0.9999999999999999
      },
      "region_entropy": -9.99866855976916e-13
    },
    "DENV_4/US/BID_V2429/1994": {
      "country": "Usa",
      "country_confidence": {
        "Usa": 1.0
      },
      "country_entropy": -1.000088900581841e-12,
      "region": "North America",
      "region_confidence": {
        "North America": 0.9999999999999999
      },
      "region_entropy": -9.99866855976916e-13
    },
    "DENV_4/US/BID_V2430/1994": {
      "country": "Usa",
      "country_confidence": {
        "Usa": 1.0
      },
      "country_entropy": -1.000088900581841e-12,
      "region": "North America",
      "region_confidence": {
        "North America": 0.9999999999999999
      },
      "region_entropy": -9.99866855976916e-13
    },
    "DENV_4/US/BID_V2431/1995": {
      "country": "Usa",
      "country_confidence": {
        "Usa": 1.0
      },
      "country_entropy": -1.000088900581841e-12,
      "region": "North America",
      "region_confidence": {
        "North America": 1.0
      },
      "region_entropy": -1.000088900581841e-12
    },
    "DENV_4/US/BID_V2432/1995": {
      "country": "Usa",
      "country_confidence": {
        "Usa": 1.0
      },
      "country_entropy": -1.000088900581841e-12,
      "region": "North America",
      "region_confidence": {
        "North America": 0.9999999999999999
      },
      "region_entropy": -9.99866855976916e-13
    },
    "DENV_4/US/BID_V2433/1995": {
      "country": "Usa",
      "country_confidence": {
        "Usa": 1.0
      },
      "country_entropy": -1.000088900581841e-12,
      "region": "North America",
      "region_confidence": {
        "North America": 1.0
      },
      "region_entropy": -1.000088900581841e-12
    },
    "DENV_4/US/BID_V2434/1995": {
      "country": "Usa",
      "country_confidence": {
        "Usa": 1.0
      },
      "country_entropy": -1.000088900581841e-12,
      "region": "North America",
      "region_confidence": {
        "North America": 1.0
      },
      "region_entropy": -1.000088900581841e-12
    },
    "DENV_4/US/BID_V2435/1996": {
      "country": "Usa",
      "country_confidence": {
        "Usa": 0.9999999999999999
      },
      "country_entropy": -9.99866855976916e-13,
      "region": "North America",
      "region_confidence": {
        "North America": 1.0
      },
      "region_entropy": -1.000088900581841e-12
    },
    "DENV_4/US/BID_V2436/1996": {
      "country": "Usa",
      "country_confidence": {
        "Usa": 1.0
      },
      "country_entropy": -1.000088900581841e-12,
      "region": "North America",
      "region_confidence": {
        "North America": 1.0
      },
      "region_entropy": -1.000088900581841e-12
    },
    "DENV_4/US/BID_V2437/1996": {
      "country": "Usa",
      "country_confidence": {
        "Usa": 1.0
      },
      "country_entropy": -1.000088900581841e-12,
      "region": "North America",
      "region_confidence": {
        "North America": 1.0
      },
      "region_entropy": -1.000088900581841e-12
    },
    "DENV_4/US/BID_V2438/1996": {
      "country": "Usa",
      "country_confidence": {
        "Usa": 1.0
      },
      "country_entropy": -1.000088900581841e-12,
      "region": "North America",
      "region_confidence": {
        "North America": 1.0
      },
      "region_entropy": -1.000088900581841e-12
    },
    "DENV_4/US/BID_V2439/1996": {
      "country": "Usa",
      "country_confidence": {
        "Usa": 1.0
      },
      "country_entropy": -1.000088900581841e-12,
      "region": "North America",
      "region_confidence": {
        "North America": 1.0
      },
      "region_entropy": -1.000088900581841e-12
    },
    "DENV_4/US/BID_V2440/1996": {
      "country": "Usa",
      "country_confidence": {
        "Usa": 1.0
      },
      "country_entropy": -1.000088900581841e-12,
      "region": "North America",
      "region_confidence": {
        "North America": 1.0
      },
      "region_entropy": -1.000088900581841e-12
    },
    "DENV_4/US/BID_V2441/1998": {
      "country": "Usa",
      "country_confidence": {
        "Usa": 0.9999999999999999
      },
      "country_entropy": -9.99866855976916e-13,
      "region": "North America",
      "region_confidence": {
        "North America": 1.0
      },
      "region_entropy": -1.000088900581841e-12
    },
    "DENV_4/US/BID_V2442/1998": {
      "country": "Usa",
      "country_confidence": {
        "Usa": 0.9999999999999999
      },
      "country_entropy": -9.99866855976916e-13,
      "region": "North America",
      "region_confidence": {
        "North America": 1.0
      },
      "region_entropy": -1.000088900581841e-12
    },
    "DENV_4/US/BID_V2443/1998": {
      "country": "Usa",
      "country_confidence": {
        "Usa": 0.9999999999999999
      },
      "country_entropy": -9.99866855976916e-13,
      "region": "North America",
      "region_confidence": {
        "North America": 1.0
      },
      "region_entropy": -1.000088900581841e-12
    },
    "DENV_4/US/BID_V2444/1998": {
      "country": "Usa",
      "country_confidence": {
        "Usa": 1.0
      },
      "country_entropy": -1.000088900581841e-12,
      "region": "North America",
      "region_confidence": {
        "North America": 1.0
      },
      "region_entropy": -1.000088900581841e-12
    },
    "DENV_4/US/BID_V2445/1998": {
      "country": "Usa",
      "country_confidence": {
        "Usa": 1.0
      },
      "country_entropy": -1.000088900581841e-12,
      "region": "North America",
      "region_confidence": {
        "North America": 1.0
      },
      "region_entropy": -1.000088900581841e-12
    },
    "DENV_4/US/BID_V2446/1999": {
      "country": "Usa",
      "country_confidence": {
        "Usa": 1.0
      },
      "country_entropy": -1.000088900581841e-12,
      "region": "North America",
      "region_confidence": {
        "North America": 1.0
      },
      "region_entropy": -1.000088900581841e-12
    },
    "DENV_4/US/BID_V2447/1999": {
      "country": "Usa",
      "country_confidence": {
        "Usa": 1.0
      },
      "country_entropy": -1.000088900581841e-12,
      "region": "North America",
      "region_confidence": {
        "North America": 0.9999999999999999
      },
      "region_entropy": -9.99866855976916e-13
    },
    "DENV_4/US/BID_V2448/1999": {
      "country": "Usa",
      "country_confidence": {
        "Usa": 0.9999999999999999
      },
      "country_entropy": -9.99866855976916e-13,
      "region": "North America",
      "region_confidence": {
        "North America": 1.0
      },
      "region_entropy": -1.000088900581841e-12
    },
    "DENV_4/US/BID_V860/1994": {
      "country": "Usa",
      "country_confidence": {
        "Usa": 1.0
      },
      "country_entropy": -1.000088900581841e-12,
      "region": "North America",
      "region_confidence": {
        "North America": 1.0
      },
      "region_entropy": -1.000088900581841e-12
    },
    "DENV_4/VE/BID_V1153/2007": {
      "country": "Venezuela",
      "country_confidence": {
        "Venezuela": 1.0
      },
      "country_entropy": -1.000088900581841e-12,
      "region": "South America",
      "region_confidence": {
        "South America": 1.0
      },
      "region_entropy": -1.000088900581841e-12
    },
    "DENV_4/VE/BID_V1154/2007": {
      "country": "Venezuela",
      "country_confidence": {
        "Venezuela": 1.0
      },
      "country_entropy": -1.000088900581841e-12,
      "region": "South America",
      "region_confidence": {
        "South America": 0.9999999999999999
      },
      "region_entropy": -9.99866855976916e-13
    },
    "DENV_4/VE/BID_V1155/2007": {
      "country": "Venezuela",
      "country_confidence": {
        "Venezuela": 1.0
      },
      "country_entropy": -1.000088900581841e-12,
      "region": "South America",
      "region_confidence": {
        "South America": 0.9999999999999999
      },
      "region_entropy": -9.99866855976916e-13
    },
    "DENV_4/VE/BID_V1156/2007": {
      "country": "Venezuela",
      "country_confidence": {
        "Venezuela": 1.0
      },
      "country_entropy": -1.000088900581841e-12,
      "region": "South America",
      "region_confidence": {
        "South America": 1.0
      },
      "region_entropy": -1.000088900581841e-12
    },
    "DENV_4/VE/BID_V1157/2007": {
      "country": "Venezuela",
      "country_confidence": {
        "Venezuela": 1.0
      },
      "country_entropy": -1.000088900581841e-12,
      "region": "South America",
      "region_confidence": {
        "South America": 1.0
      },
      "region_entropy": -1.000088900581841e-12
    },
    "DENV_4/VE/BID_V1158/2007": {
      "country": "Venezuela",
      "country_confidence": {
        "Venezuela": 1.0
      },
      "country_entropy": -1.000088900581841e-12,
      "region": "South America",
      "region_confidence": {
        "South America": 1.0
      },
      "region_entropy": -1.000088900581841e-12
    },
    "DENV_4/VE/BID_V1159/2007": {
      "country": "Venezuela",
      "country_confidence": {
        "Venezuela": 1.0
      },
      "country_entropy": -1.000088900581841e-12,
