Map from character to field name
A:	China
B:	Comoros
C:	India
D:	Malaysia
E:	Singapore
F:	South Korea
G:	Thailand
H:	?


Substitution rate (mu): 148.45819

Equilibrium frequencies (pi_i):
  A: 0.1447
  B: 0.1464
  C: 0.1201
  D: 0.1361
  E: 0.1704
  F: 0.1435
  G: 0.1389

Symmetrized rates from j->i (W_ij):
	A	B	C	D	E	F	G
  A	0	0.8302	1.0022	0.8282	1.9494	0.8301	0.8321
  B	0.8302	0	1.0718	0.8309	0.9607	0.8391	0.9073
  C	1.0022	1.0718	0	0.8311	4.4647	1.115	1.2631
  D	0.8282	0.8309	0.8311	0	1.2566	0.8309	0.8321
  E	1.9494	0.9607	4.4647	1.2566	0	1.0008	0.9855
  F	0.8301	0.8391	1.115	0.8309	1.0008	0	0.8612
  G	0.8321	0.9073	1.2631	0.8321	0.9855	0.8612	0

Actual rates from j->i (Q_ij):
	A	B	C	D	E	F	G
  A	0	0.1201	0.145	0.1198	0.2821	0.1201	0.1204
  B	0.1215	0	0.1569	0.1216	0.1406	0.1228	0.1328
  C	0.1204	0.1287	0	0.0998	0.5361	0.1339	0.1517
  D	0.1127	0.1131	0.1131	0	0.171	0.1131	0.1132
  E	0.3322	0.1637	0.7608	0.2141	0	0.1705	0.1679
  F	0.1191	0.1204	0.16	0.1192	0.1436	0	0.1236
  G	0.1156	0.126	0.1754	0.1156	0.1369	0.1196	0
