Map from character to field name
A:	Africa
B:	China
C:	Europe
D:	Japan Korea
E:	North America
F:	Oceania
G:	South America
H:	Southeast Asia
I:	?


Substitution rate (mu): 159.719362

Equilibrium frequencies (pi_i):
  A: 0.1271
  B: 0.1055
  C: 0.1264
  D: 0.1226
  E: 0.1332
  F: 0.1423
  G: 0.1222
  H: 0.1206

Symmetrized rates from j->i (W_ij):
	A	B	C	D	E	F	G	H
  A	0	0.9919	1.3468	0.8709	0.8638	0.9142	0.8739	0.8849
  B	0.9919	0	1.0479	1.3745	1.1841	1.3165	0.9538	4.4497
  C	1.3468	1.0479	0	0.8734	0.8647	0.9337	0.8784	0.8941
  D	0.8709	1.3745	0.8734	0	0.8696	1.3829	0.8703	1.0562
  E	0.8638	1.1841	0.8647	0.8696	0	1.7495	0.8634	1.0348
  F	0.9142	1.3165	0.9337	1.3829	1.7495	0	1.3337	0.9907
  G	0.8739	0.9538	0.8784	0.8703	0.8634	1.3337	0	0.8802
  H	0.8849	4.4497	0.8941	1.0562	1.0348	0.9907	0.8802	0

Actual rates from j->i (Q_ij):
	A	B	C	D	E	F	G	H
  A	0	0.1261	0.1712	0.1107	0.1098	0.1162	0.1111	0.1125
  B	0.1046	0	0.1105	0.1449	0.1249	0.1388	0.1006	0.4692
  C	0.1703	0.1325	0	0.1104	0.1093	0.1181	0.1111	0.113
  D	0.1068	0.1686	0.1071	0	0.1067	0.1696	0.1067	0.1295
  E	0.1151	0.1577	0.1152	0.1158	0	0.2331	0.115	0.1378
  F	0.1301	0.1874	0.1329	0.1969	0.249	0	0.1898	0.141
  G	0.1068	0.1165	0.1073	0.1063	0.1055	0.163	0	0.1075
  H	0.1067	0.5365	0.1078	0.1274	0.1248	0.1195	0.1061	0
