{
  "generated_by": {
    "program": "augur",
    "version": "6.1.1"
  },
  "models": {
    "country": {
      "alphabet": [
        "Canada",
        "USA",
        "?"
      ],
      "equilibrium_probabilities": [
        0.39169785136885205,
        0.6083021486311481
      ],
      "rate": 13.515385586845413,
      "transition_matrix": [
        [
          -3.2588744234873426,
          2.098454053521546
        ],
        [
          2.098454053521546,
          -1.351236298951582
        ]
      ]
    },
    "division": {
      "alphabet": [
        "Alabama",
        "Arkansas",
        "British Columbia",
        "California",
        "Georgia",
        "Illinois",
        "Indiana",
        "Iowa",
        "Kansas",
        "Louisiana",
        "Manitoba",
        "Massachusetts",
        "Michigan",
        "Missouri",
        "Montana",
        "New Hampshire",
        "New Jersey",
        "New York",
        "North Carolina",
        "North Dakota",
        "Ohio",
        "Ontario",
        "Pennsylvania",
        "Texas",
        "Virginia",
        "Washington",
        "Wisconsin",
        "?"
      ],
      "equilibrium_probabilities": [
        0.032268859670961866,
        0.03110897969403659,
        0.036937670622856175,
        0.04114044835041392,
        0.03726545946547307,
        0.04111977400602976,
        0.042703735432484013,
        0.041156249863959084,
        0.0420845330725189,
        0.03856633098440231,
        0.03749025407278048,
        0.03804626279389287,
        0.042163272838200004,
        0.024985636153673413,
        0.03726529825070496,
        0.03471577995737224,
        0.038129243985471725,
        0.03909953816767635,
        0.03785079820457502,
        0.0383781002455976,
        0.039373514664026374,
        0.03102438503047749,
        0.04069370109710032,
        0.03263631434784667,
        0.04023245180406047,
        0.03702116460272016,
        0.0265422426206883
      ],
      "rate": 86.43134132740927,
      "transition_matrix": [
        [
          -31.61776394446532,
          0.9380925695967519,
          0.9373331478117167,
          0.938505629415631,
          0.9385276534038908,
          0.9385006235714008,
          0.9384532614475952,
          0.938508621404686,
          1.7203639582590824,
          0.9386510500083943,
          0.9384491841747643,
          1.8680826666833554,
          0.9384947542408337,
          1.4847947141264475,
          0.9385270599846155,
          0.9385321537034786,
          0.9385117254307256,
          0.9383778342056993,
          0.9386553451897488,
          0.9384599993940389,
          0.9384024761131785,
          0.9377940007024171,
          0.9385014782502906,
          0.9386052272729838,
          0.938510865603183,
          1.7547165984782276,
          0.9380206861355543
        ],
        [
          0.9380925695967519,
          -34.583197119278886,
          0.9368744264222284,
          0.938086725658489,
          0.9381482683759539,
          0.9380737480339978,
          0.9380195463841801,
          0.9380901303438164,
          1.0234013121530738,
          0.93812699993171,
          0.9380691606766944,
          1.2742507259446032,
          0.9380662503963461,
          0.9376833437077312,
          0.9381475495532928,
          0.938178986556122,
          0.938123662371139,
          0.9379847512915078,
          0.9381374843978985,
          0.9380721456669018,
          1.875756789586732,
          0.937506084002605,
          0.9380867286806247,
          0.9382014971390568,
          0.9381017502352563,
          3.9341933634254795,
          1.043211949116934
        ],
        [
          0.9373331478117167,
          0.9368744264222284,
          -27.384385704457447,
          0.9369831190657462,
          0.9371501937229529,
          1.0007496426617706,
          0.9368664734618286,
          0.9369875189404256,
          0.9368467039905108,
          0.9372240036423839,
          0.9370675354670767,
          1.9669557963552144,
          0.9369346359670259,
          1.0006656632287005,
          0.9371503168092898,
          0.9372474316688013,
          0.9371626625472347,
          0.9369810297745528,
          1.2494473885341462,
          0.9370316533633193,
          0.936908094202724,
          1.8731721405572181,
          0.9370229126015528,
          0.9373971539317641,
          0.9370506820236737,
          1.4531155944654426,
          1.1521109179809017
        ],
        [
          0.938505629415631,
          0.938086725658489,
          0.9369831190657462,
          -22.461374456303762,
          0.9386776483438545,
          0.9386504800764756,
          0.9864121857950509,
          0.9386751680993142,
          0.9385585020635504,
          0.9386737422297603,
          0.9385768670514384,
          0.9330769297606449,
          0.9386618628171515,
          0.9378120784561795,
          0.9386785379473142,
          0.9386694519100346,
          1.121773062723546,
          0.9862829122884459,
          0.938673744296872,
          0.9385963449562301,
          0.9383584315921101,
          1.3057685610152503,
          0.9386597316661742,
          0.9386599601099254,
          0.9386699363523477,
          0.935326504476074,
          1.022128594768194
        ],
        [
          0.9385276534038908,
          0.9381482683759539,
          0.9371501937229529,
          0.9386776483438545,
          -24.713915304079674,
          0.9386610200054415,
          0.9386254401411149,
          0.938683096653053,
          0.9385794438466883,
          0.9386813224583386,
          0.9385929327637692,
          1.4003856136445034,
          0.9386715953918552,
          0.93790036842769,
          0.9386840592631258,
          0.9386756868912971,
          0.9386675317392789,
          0.938517793958908,
          0.9386810616041062,
          0.9386109280600529,
          0.9383950363257755,
          0.9378005773360685,
          0.938670536161738,
          0.9386656515609203,
          0.9386791789234044,
          0.9356498214401744,
          0.9378849897827587
        ],
        [
          0.9385006235714008,
          0.9380737480339978,
          1.0007496426617706,
          0.9386504800764756,
          0.9386610200054415,
          -22.934195473490348,
          0.9385923116832683,
          0.9386573938797144,
          0.9385520300121428,
          0.9386559179641668,
          0.938560147900342,
          1.0348093920909347,
          0.938642786363526,
          2.2213398154686983,
          0.9386611939353842,
          0.9386545782798944,
          0.9386528137557554,
          0.938487614030908,
          0.9386572026862184,
          0.938579269967874,
          0.9383399410601082,
          0.9377001914936265,
          0.9386476505730491,
          0.9386455582110211,
          0.9386573066875472,
          0.9353110340828116,
          1.134573657188748
        ],
        [
          0.9384532614475952,
          0.9380195463841801,
          0.9368664734618286,
          0.9864121857950509,
          0.9386254401411149,
          0.9385923116832683,
          -22.1400028821855,
          0.9386180923576622,
          0.9384955694348349,
          0.938619126749759,
          0.9385203895395547,
          0.9328283760221607,
          0.9386027502464668,
          1.8755136270995574,
          0.9386261805971177,
          0.9386210024877156,
          1.0576652216579485,
          1.141950452101663,
          0.9386200653746973,
          0.938557388383021,
          0.9383015172262815,
          0.9853725210849723,
          0.9386024023075457,
          0.9386136674044663,
          0.9386128950877134,
          0.935147065692229,
          1.2427771970412558
        ],
        [
          0.938508621404686,
          0.9380901303438164,
          0.9369875189404256,
          0.9386751680993142,
          0.938683096653053,
          0.9386573938797144,
          0.9386180923576622,
          -22.15839130559461,
          0.9385663866743225,
          0.9386785182377101,
          0.9385821779413178,
          0.9330801505029611,
          0.9386683233866403,
          0.9378124165442969,
          0.9386839315896675,
          0.9386742707464738,
          0.9386634936748685,
          0.9384978521679124,
          0.9386795431098905,
          0.9386020804084725,
          0.9383630103283697,
          0.9377058383312558,
          0.9386674334238787,
          0.9386638312590453,
          0.9386766692873565,
          0.9353298338110569,
          1.406663631006545
        ],
        [
          1.7203639582590824,
          1.0234013121530738,
          0.9368467039905108,
          0.9385585020635504,
          0.9385794438466883,
          0.9385520300121428,
          0.9384955694348349,
          0.9385663866743225,
          -22.950969037120434,
          0.9385710322184425,
          0.9384754481262599,
          1.0177961980256829,
          0.9385494829005959,
          1.719054823398922,
          0.9385789366896954,
          0.9385785335033278,
          0.9385566631327822,
          0.9383840575903497,
          0.9385733715593263,
          0.9384922974590273,
          0.9382446665192916,
          0.9375999523852425,
          0.9385524541008773,
          0.9385751500839764,
          0.9385640365438725,
          1.1268823471603056,
          1.2996048231978228
        ],
        [
          0.9386510500083943,
          0.93812699993171,
          0.9372240036423839,
          0.9386737422297603,
          0.9386813224583386,
          0.9386559179641668,
          0.938619126749759,
          0.9386785182377101,
          0.9385710322184425,
          -24.013931909879187,
          0.9385862969101108,
          1.2441193431703637,
          0.9386660641126505,
          0.9378712039574768,
          0.9386811635297706,
          0.9386733639629281,
          0.9386629224508761,
          0.9385078815506323,
          0.9388097106483457,
          0.9386057065751435,
          1.2511240221878586,
          0.9377682818087159,
          0.9386652527130247,
          0.9387368211342738,
          0.9386749244121603,
          0.9355401187130739,
          0.9379831542313236
        ],
        [
          0.9384491841747643,
          0.9380691606766944,
          0.9370675354670767,
          0.9385768670514384,
          0.9385929327637692,
          0.938560147900342,
          0.9385203895395547,
          0.9385821779413178,
          0.9384754481262599,
          0.9385862969101108,
          -24.709040929884143,
          1.2445332421452189,
          0.9385670226900501,
          1.0940491366305751,
          0.9385928140831012,
          0.9385912563891419,
          0.9385741197895534,
          0.938420447596442,
          0.9385883792359339,
          0.938516958451008,
          0.9382971906355754,
          0.9377385319338793,
          0.9385698258012767,
          0.9385879351073289,
          0.9385802431224679,
          1.1433242860119393,
          0.937817701895101
        ],
        [
          1.8680826666833554,
          1.2742507259446032,
          1.9669557963552144,
          0.9330769297606449,
          1.4003856136445034,
          1.0348093920909347,
          0.9328283760221607,
          0.9330801505029611,
          1.0177961980256829,
          1.2441193431703637,
          1.2445332421452189,
          -38.36170150661722,
          0.9662945227541322,
          3.0916062021645936,
          1.4004038026762011,
          1.867839611372564,
          1.3835752208445182,
          1.245623155736948,
          1.2442511567147336,
          1.2444003899048464,
          1.7434400759173414,
          2.087464009574633,
          1.1124415513565662,
          2.3354757953852663,
          1.088075811346134,
          2.584006309236649,
          4.236351185044548
        ],
        [
          0.9384947542408337,
          0.9380662503963461,
          0.9369346359670259,
          0.9386618628171515,
          0.9386715953918552,
          0.938642786363526,
          0.9386027502464668,
          0.9386683233866403,
          0.9385494829005959,
          0.9386660641126505,
          0.9385670226900501,
          0.9662945227541322,
          -22.246796377437605,
          0.937783699643132,
          0.9386709892362793,
          0.938663671733649,
          0.9386504943441806,
          0.9384804009768514,
          0.9386663064857463,
          0.938587135563311,
          1.7201655310715074,
          0.9376720327003059,
          0.9386527827873106,
          0.938653353352845,
          0.9386625464199677,
          0.9352355135298384,
          1.2166918849699753
        ],
        [
          1.4847947141264475,
          0.9376833437077312,
          1.0006656632287005,
          0.9378120784561795,
          0.93790036842769,
          2.2213398154686983,
          1.8755136270995574,
          0.9378124165442969,
          1.719054823398922,
          0.9378712039574768,
          1.0940491366305751,
          3.0916062021645936,
          0.937783699643132,
          -50.415638232632546,
          0.9379006401103092,
          0.9380070698301004,
          0.9378859726837552,
          0.9377662877811505,
          0.93788788724561,
          1.2503088757157268,
          1.2500935795463977,
          0.9374717832158308,
          0.9378217617421284,
          0.9379931810017588,
          0.9378388076699686,
          2.399119422852221,
          2.1967147679784915
        ],
        [
          0.9385270599846155,
          0.9381475495532928,
          0.9371503168092898,
          0.9386785379473142,
          0.9386840592631258,
          0.9386611939353842,
          0.9386261805971177,
          0.9386839315896675,
          0.9385789366896954,
          0.9386811635297706,
          0.9385928140831012,
          1.4004038026762011,
          0.9386709892362793,
          0.9379006401103092,
          -24.714044650681497,
          0.9386756958809698,
          0.9386673001093192,
          0.9385175146843141,
          0.9386810189935866,
          0.9386107033294333,
          0.9383958455893836,
          0.937800610994691,
          0.9386705187135449,
          0.9386664574024632,
          0.9386785231373742,
          0.9356493366711386,
          0.9378844611602619
        ],
        [
          0.9385321537034786,
          0.938178986556122,
          0.9372474316688013,
          0.9386694519100346,
          0.9386756868912971,
          0.9386545782798944,
          0.9386210024877156,
          0.9386742707464738,
          0.9385785335033278,
          0.9386733639629281,
          0.9385912563891419,
          1.867839611372564,
          0.938663671733649,
          0.9380070698301004,
          0.9386756958809698,
          -27.110682680829814,
          0.938661034873949,
          0.9385219751420308,
          0.9386734812710521,
          0.938608261252187,
          0.9384079802687604,
          0.9378555021945234,
          0.9386624355779349,
          0.9386601644679065,
          0.9386714717393413,
          0.9358501992617093,
          0.9379375913785637
        ],
        [
          0.9385117254307256,
          0.938123662371139,
          0.9371626625472347,
          1.121773062723546,
          0.9386675317392789,
          0.9386528137557554,
          1.0576652216579485,
          0.9386634936748685,
          0.9385566631327822,
          0.9386629224508761,
          0.9385741197895534,
          1.3835752208445182,
          0.9386504943441806,
          0.9378859726837552,
          0.9386673001093192,
          0.938661034873949,
          -24.90636344240379,
          1.073008770665541,
          0.9386641356085316,
          0.9385920231723298,
          0.9383768557852582,
          1.1207325538471955,
          0.9450984429483897,
          0.9386534321903216,
          0.9451081239729696,
          0.935563274258287,
          1.1668783504610416
        ],
        [
          0.9383778342056993,
          0.9379847512915078,
          0.9369810297745528,
          0.9862829122884459,
          0.938517793958908,
          0.938487614030908,
          1.141950452101663,
          0.9384978521679124,
          0.9383840575903497,
          0.9385078815506323,
          0.938420447596442,
          1.245623155736948,
          0.9384804009768514,
          0.9377662877811505,
          0.9385175146843141,
          0.9385219751420308,
          1.073008770665541,
          -25.089303969583753,
          0.9385113708317016,
          0.938435951498705,
          1.3055514798097891,
          0.9853935728874723,
          1.1186893297486165,
          0.9385221272688856,
          1.1187028381007962,
          0.9353354169421282,
          1.7461881933919268
        ],
        [
          0.9386553451897488,
          0.9381374843978985,
          1.2494473885341462,
          0.938673744296872,
          0.9386810616041062,
          0.9386572026862184,
          0.9386200653746973,
          0.9386795431098905,
          0.9385733715593263,
          0.9388097106483457,
          0.9385883792359339,
          1.2442511567147336,
          0.9386663064857463,
          0.93788788724561,
          0.9386810189935866,
          0.9386734812710521,
          0.9386641356085316,
          0.9385113708317016,
          -24.46540146773627,
          0.9386061142516251,
          0.9385180749969443,
          0.9377853483669502,
          0.9386660331644359,
          0.9387365491364817,
          0.9386754633034098,
          0.9355990386505711,
          0.9379985144455593
        ],
        [
          0.9384599993940389,
          0.9380721456669018,
          0.9370316533633193,
          0.9385963449562301,
          0.9386109280600529,
          0.938579269967874,
          0.938557388383021,
          0.9386020804084725,
          0.9384922974590273,
          0.9386057065751435,
          0.938516958451008,
          1.2444003899048464,
          0.938587135563311,
          1.2503088757157268,
          0.9386107033294333,
          0.938608261252187,
          0.9385920231723298,
          0.938435951498705,
          0.9386061142516251,
          -24.017098265773807,
          0.9383094558640672,
          0.9377151446980473,
          0.9385893673276163,
          0.9386027244480639,
          0.9385988758026486,
          0.9354863888738213,
          0.9378088965695677
        ],
        [
          0.9384024761131785,
          1.875756789586732,
          0.936908094202724,
          0.9383584315921101,
          0.9383950363257755,
          0.9383399410601082,
          0.9383015172262815,
          0.9383630103283697,
          0.9382446665192916,
          1.2511240221878586,
          0.9382971906355754,
          1.7434400759173414,
          1.7201655310715074,
          1.2500935795463977,
          0.9383958455893836,
          0.9384079802687604,
          0.9383768557852582,
          1.3055514798097891,
          0.9385180749969443,
          0.9383094558640672,
          -26.58034584844761,
          0.9375151891904772,
          0.9383523621964127,
          0.9384873487255764,
          0.9383649444637792,
          0.9351931245516966,
          1.6307674652081114
        ],
        [
          0.9377940007024171,
          0.937506084002605,
          1.8731721405572181,
          1.3057685610152503,
          0.9378005773360685,
          0.9377001914936265,
          0.9853725210849723,
          0.9377058383312558,
          0.9375999523852425,
          0.9377682818087159,
          0.9377385319338793,
          2.087464009574633,
          0.9376720327003059,
          0.9374717832158308,
          0.937800610994691,
          0.9378555021945234,
          1.1207325538471955,
          0.9853935728874723,
          0.9377853483669502,
          0.9377151446980473,
          0.9375151891904772,
          -33.64883264563231,
          0.9377177251593801,
          0.9378980286527404,
          0.9377360790915349,
          1.454938767755493,
          1.3840996206304634
        ],
        [
          0.9385014782502906,
          0.9380867286806247,
          0.9370229126015528,
          0.9386597316661742,
          0.938670536161738,
          0.9386476505730491,
          0.9386024023075457,
          0.9386674334238787,
          0.9385524541008773,
          0.9386652527130247,
          0.9385698258012767,
          1.1124415513565662,
          0.9386527827873106,
          0.9378217617421284,
          0.9386705187135449,
          0.9386624355779349,
          0.9450984429483897,
          1.1186893297486165,
          0.9386660331644359,
          0.9385893673276163,
          0.9383523621964127,
          0.9377177251593801,
          -23.1105089597289,
          0.9386536021575019,
          1.2915162135433538,
          0.9353547958496577,
          1.3974645829403118
        ],
        [
          0.9386052272729838,
          0.9382014971390568,
          0.9373971539317641,
          0.9386599601099254,
          0.9386656515609203,
          0.9386455582110211,
          0.9386136674044663,
          0.9386638312590453,
          0.9385751500839764,
          0.9387368211342738,
          0.9385879351073289,
          2.3354757953852663,
          0.938653353352845,
          0.9379931810017588,
          0.9386664574024632,
          0.9386601644679065,
          0.9386534321903216,
          0.9385221272688856,
          0.9387365491364817,
          0.9386027244480639,
          0.9384873487255764,
          0.9378980286527404,
          0.9386536021575019,
          -29.443962729850135,
          0.9386613434600016,
          0.9360117652326657,
          0.938348038369575
        ],
        [
          0.938510865603183,
          0.9381017502352563,
          0.9370506820236737,
          0.9386699363523477,
          0.9386791789234044,
          0.9386573066875472,
          0.9386128950877134,
          0.9386766692873565,
          0.9385640365438725,
          0.9386749244121603,
          0.9385802431224679,
          1.088075811346134,
          0.9386625464199677,
          0.9378388076699686,
          0.9386785231373742,
          0.9386714717393413,
          0.9451081239729696,
          1.1187028381007962,
          0.9386754633034098,
          0.9385988758026486,
          0.9383649444637792,
          0.9377360790915349,
          1.2915162135433538,
          0.9386613434600016,
          -23.074403786161305,
          0.9354008190581349,
          0.9531880588276213
        ],
        [
          1.7547165984782276,
          3.9341933634254795,
          1.4531155944654426,
          0.935326504476074,
          0.9356498214401744,
          0.9353110340828116,
          0.935147065692229,
          0.9353298338110569,
          1.1268823471603056,
          0.9355401187130739,
          1.1433242860119393,
          2.584006309236649,
          0.9352355135298384,
          2.399119422852221,
          0.9356493366711386,
          0.9358501992617093,
          0.935563274258287,
          0.9353354169421282,
          0.9355990386505711,
          0.9354863888738213,
          0.9351931245516966,
          1.454938767755493,
          0.9353547958496577,
          0.9360117652326657,
          0.9354008190581349,
          -31.780724751582426,
          1.147661863664677
        ],
        [
          0.9380206861355543,
          1.043211949116934,
          1.1521109179809017,
          1.022128594768194,
          0.9378849897827587,
          1.134573657188748,
          1.2427771970412558,
          1.406663631006545,
          1.2996048231978228,
          0.9379831542313236,
          0.937817701895101,
          4.236351185044548,
          1.2166918849699753,
          2.1967147679784915,
          0.9378844611602619,
          0.9379375913785637,
          1.1668783504610416,
          1.7461881933919268,
          0.9379985144455593,
          0.9378088965695677,
          1.6307674652081114,
          1.3840996206304634,
          1.3974645829403118,
          0.938348038369575,
          0.9531880588276213,
          1.147661863664677,
          -47.491888633610046
        ]
      ]
    }
  },
  "nodes": {
    "Alabama.USA/11.17/G": {
      "country": "USA",
      "country_confidence": {
        "USA": 1.0
      },
      "country_entropy": -1.000088900581841e-12,
      "division": "Alabama",
      "division_confidence": {
        "Alabama": 1.0
      },
      "division_entropy": -1.000088900581841e-12
    },
    "Alabama.USA/15.17/G": {
      "country": "USA",
      "country_confidence": {
        "USA": 1.0
      },
      "country_entropy": -1.000088900581841e-12,
      "division": "Alabama",
      "division_confidence": {
        "Alabama": 1.0
      },
      "division_entropy": -1.000088900581841e-12
    },
    "Alabama.USA/19.17/G": {
      "country": "USA",
      "country_confidence": {
        "USA": 1.0
      },
      "country_entropy": -1.000088900581841e-12,
      "division": "Alabama",
      "division_confidence": {
        "Alabama": 1.0
      },
      "division_entropy": -1.000088900581841e-12
    },
    "Alabama.USA/50.17/G": {
      "country": "USA",
      "country_confidence": {
        "USA": 1.0
      },
      "country_entropy": -1.000088900581841e-12,
      "division": "Alabama",
      "division_confidence": {
        "Alabama": 1.0
      },
      "division_entropy": -1.000088900581841e-12
    },
    "Alabama.USA/7.17/G": {
      "country": "USA",
      "country_confidence": {
        "USA": 0.9999999999999999
      },
      "country_entropy": -9.99866855976916e-13,
      "division": "Alabama",
      "division_confidence": {
        "Alabama": 1.0
      },
      "division_entropy": -1.000088900581841e-12
    },
    "Arkansas.USA/12.17/G": {
      "country": "USA",
      "country_confidence": {
        "USA": 1.0
      },
      "country_entropy": -1.000088900581841e-12,
      "division": "Arkansas",
      "division_confidence": {
        "Arkansas": 1.0
      },
      "division_entropy": -1.000088900581841e-12
    },
    "Arkansas.USA/13.17/G": {
      "country": "USA",
      "country_confidence": {
        "USA": 0.9999999999999999
      },
      "country_entropy": -9.99866855976916e-13,
      "division": "Arkansas",
      "division_confidence": {
        "Arkansas": 1.0
      },
      "division_entropy": -1.000088900581841e-12
    },
    "Arkansas.USA/38.16/G": {
      "country": "USA",
      "country_confidence": {
        "USA": 1.0
      },
      "country_entropy": -1.000088900581841e-12,
      "division": "Arkansas",
      "division_confidence": {
        "Arkansas": 1.0
      },
      "division_entropy": -1.000088900581841e-12
    },
    "Arkansas.USA/40.16/G": {
      "country": "USA",
      "country_confidence": {
        "USA": 1.0
      },
      "country_entropy": -1.000088900581841e-12,
      "division": "Arkansas",
      "division_confidence": {
        "Arkansas": 1.0
      },
      "division_entropy": -1.000088900581841e-12
    },
    "Arkansas.USA/41.16/G": {
      "country": "USA",
      "country_confidence": {
        "USA": 0.9999999999999999
      },
      "country_entropy": -9.99866855976916e-13,
      "division": "Arkansas",
      "division_confidence": {
        "Arkansas": 1.0
      },
      "division_entropy": -1.000088900581841e-12
    },
    "Arkansas.USA/43.16/G": {
      "country": "USA",
      "country_confidence": {
        "USA": 1.0
      },
      "country_entropy": -1.000088900581841e-12,
      "division": "Arkansas",
      "division_confidence": {
        "Arkansas": 1.0
      },
      "division_entropy": -1.000088900581841e-12
    },
    "Arkansas.USA/44.16/G": {
      "country": "USA",
      "country_confidence": {
        "USA": 1.0
      },
      "country_entropy": -1.000088900581841e-12,
      "division": "Arkansas",
      "division_confidence": {
        "Arkansas": 1.0
      },
      "division_entropy": -1.000088900581841e-12
    },
    "Arkansas.USA/45.16/G": {
      "country": "USA",
      "country_confidence": {
        "USA": 0.9999999999999999
      },
      "country_entropy": -9.99866855976916e-13,
      "division": "Arkansas",
      "division_confidence": {
        "Arkansas": 1.0
      },
      "division_entropy": -1.000088900581841e-12
    },
    "Arkansas.USA/46.16/G": {
      "country": "USA",
      "country_confidence": {
        "USA": 0.9999999999999999
      },
      "country_entropy": -9.99866855976916e-13,
      "division": "Arkansas",
      "division_confidence": {
        "Arkansas": 1.0
      },
      "division_entropy": -1.000088900581841e-12
    },
    "Arkansas.USA/47.16/G": {
      "country": "USA",
      "country_confidence": {
        "USA": 1.0
      },
      "country_entropy": -1.000088900581841e-12,
      "division": "Arkansas",
      "division_confidence": {
        "Arkansas": 1.0
      },
      "division_entropy": -1.000088900581841e-12
    },
    "Arkansas.USA/48.16/G": {
      "country": "USA",
      "country_confidence": {
        "USA": 1.0
      },
      "country_entropy": -1.000088900581841e-12,
      "division": "Arkansas",
      "division_confidence": {
        "Arkansas": 1.0
      },
      "division_entropy": -1.000088900581841e-12
    },
    "Arkansas.USA/49.16/G": {
      "country": "USA",
      "country_confidence": {
        "USA": 1.0
      },
      "country_entropy": -1.000088900581841e-12,
      "division": "Arkansas",
      "division_confidence": {
        "Arkansas": 1.0
      },
      "division_entropy": -1.000088900581841e-12
    },
    "Arkansas.USA/5.17/G": {
      "country": "USA",
      "country_confidence": {
        "USA": 1.0
      },
      "country_entropy": -1.000088900581841e-12,
      "division": "Arkansas",
      "division_confidence": {
        "Arkansas": 1.0
      },
      "division_entropy": -1.000088900581841e-12
    },
    "Arkansas.USA/50.16/G": {
      "country": "USA",
      "country_confidence": {
        "USA": 0.9999999999999999
      },
      "country_entropy": -9.99866855976916e-13,
      "division": "Arkansas",
      "division_confidence": {
        "Arkansas": 0.9999999999999999
      },
      "division_entropy": -9.99866855976916e-13
    },
    "Arkansas.USA/51.16/G": {
      "country": "USA",
      "country_confidence": {
        "USA": 0.9999999999999999
      },
      "country_entropy": -9.99866855976916e-13,
      "division": "Arkansas",
      "division_confidence": {
        "Arkansas": 1.0
      },
      "division_entropy": -1.000088900581841e-12
    },
    "Arkansas.USA/52.16/G": {
      "country": "USA",
      "country_confidence": {
        "USA": 0.9999999999999999
      },
      "country_entropy": -9.99866855976916e-13,
      "division": "Arkansas",
      "division_confidence": {
        "Arkansas": 0.9999999999999999
      },
      "division_entropy": -9.99866855976916e-13
    },
    "BritishColumbia.CAN/11.16/G": {
      "country": "Canada",
      "country_confidence": {
        "Canada": 1.0
      },
      "country_entropy": -1.000088900581841e-12,
      "division": "British Columbia",
      "division_confidence": {
        "British Columbia": 1.0
      },
      "division_entropy": -1.000088900581841e-12
    },
    "BritishColumbia.CAN/13.16/G": {
      "country": "Canada",
      "country_confidence": {
        "Canada": 1.0
      },
      "country_entropy": -1.000088900581841e-12,
      "division": "British Columbia",
      "division_confidence": {
        "British Columbia": 1.0
      },
      "division_entropy": -1.000088900581841e-12
    },
    "BritishColumbia.CAN/14.11/2/G": {
      "country": "Canada",
      "country_confidence": {
        "Canada": 1.0
      },
      "country_entropy": -1.000088900581841e-12,
      "division": "British Columbia",
      "division_confidence": {
        "British Columbia": 1.0
      },
      "division_entropy": -1.000088900581841e-12
    },
    "BritishColumbia.CAN/16.16/4/G": {
      "country": "Canada",
      "country_confidence": {
        "Canada": 1.0
      },
      "country_entropy": -1.000088900581841e-12,
      "division": "British Columbia",
      "division_confidence": {
        "British Columbia": 1.0
      },
      "division_entropy": -1.000088900581841e-12
    },
    "BritishColumbia.CAN/17.16/G": {
      "country": "Canada",
      "country_confidence": {
        "Canada": 1.0
      },
      "country_entropy": -1.000088900581841e-12,
      "division": "British Columbia",
      "division_confidence": {
        "British Columbia": 1.0
      },
      "division_entropy": -1.000088900581841e-12
    },
    "BritishColumbia.CAN/18.16/2/G": {
      "country": "Canada",
      "country_confidence": {
        "Canada": 0.9999999999999999
      },
      "country_entropy": -9.99866855976916e-13,
      "division": "British Columbia",
      "division_confidence": {
        "British Columbia": 0.9999999999999999
      },
      "division_entropy": -9.99866855976916e-13
    },
    "BritishColumbia.CAN/18.16/3/G": {
      "country": "Canada",
      "country_confidence": {
        "Canada": 1.0
      },
      "country_entropy": -1.000088900581841e-12,
      "division": "British Columbia",
      "division_confidence": {
        "British Columbia": 1.0
      },
      "division_entropy": -1.000088900581841e-12
    },
    "BritishColumbia.CAN/18.16/4/G": {
      "country": "Canada",
      "country_confidence": {
        "Canada": 1.0
      },
      "country_entropy": -1.000088900581841e-12,
      "division": "British Columbia",
      "division_confidence": {
        "British Columbia": 1.0
      },
      "division_entropy": -1.000088900581841e-12
    },
    "BritishColumbia.CAN/18.16/G": {
      "country": "Canada",
      "country_confidence": {
        "Canada": 1.0
      },
      "country_entropy": -1.000088900581841e-12,
      "division": "British Columbia",
      "division_confidence": {
        "British Columbia": 1.0
      },
      "division_entropy": -1.000088900581841e-12
    },
    "BritishColumbia.CAN/18.17/2/G": {
      "country": "Canada",
      "country_confidence": {
        "Canada": 1.0
      },
      "country_entropy": -1.000088900581841e-12,
      "division": "British Columbia",
      "division_confidence": {
        "British Columbia": 1.0
      },
      "division_entropy": -1.000088900581841e-12
    },
    "BritishColumbia.CAN/19.16/1/G": {
      "country": "Canada",
      "country_confidence": {
        "Canada": 1.0
      },
      "country_entropy": -1.000088900581841e-12,
      "division": "British Columbia",
      "division_confidence": {
        "British Columbia": 1.0
      },
      "division_entropy": -1.000088900581841e-12
    },
    "BritishColumbia.CAN/19.16/2/G": {
      "country": "Canada",
      "country_confidence": {
        "Canada": 1.0
      },
      "country_entropy": -1.000088900581841e-12,
      "division": "British Columbia",
      "division_confidence": {
        "British Columbia": 1.0
      },
      "division_entropy": -1.000088900581841e-12
    },
    "BritishColumbia.CAN/19.16/3/G": {
      "country": "Canada",
      "country_confidence": {
        "Canada": 1.0
      },
      "country_entropy": -1.000088900581841e-12,
      "division": "British Columbia",
      "division_confidence": {
        "British Columbia": 0.9999999999999999
      },
      "division_entropy": -9.99866855976916e-13
    },
    "BritishColumbia.CAN/19.16/5/G": {
      "country": "Canada",
      "country_confidence": {
        "Canada": 1.0
      },
      "country_entropy": -1.000088900581841e-12,
      "division": "British Columbia",
      "division_confidence": {
        "British Columbia": 1.0
      },
      "division_entropy": -1.000088900581841e-12
    },
    "BritishColumbia.CAN/20.16/1/G": {
      "country": "Canada",
      "country_confidence": {
        "Canada": 1.0
      },
      "country_entropy": -1.000088900581841e-12,
      "division": "British Columbia",
      "division_confidence": {
        "British Columbia": 1.0
      },
      "division_entropy": -1.000088900581841e-12
    },
    "BritishColumbia.CAN/21.16/2/G": {
      "country": "Canada",
      "country_confidence": {
        "Canada": 1.0
      },
      "country_entropy": -1.000088900581841e-12,
      "division": "British Columbia",
      "division_confidence": {
        "British Columbia": 1.0
      },
      "division_entropy": -1.000088900581841e-12
    },
    "BritishColumbia.CAN/21.16/3/G": {
      "country": "Canada",
      "country_confidence": {
        "Canada": 1.0
      },
      "country_entropy": -1.000088900581841e-12,
      "division": "British Columbia",
      "division_confidence": {
        "British Columbia": 0.9999999999999999
      },
      "division_entropy": -9.99866855976916e-13
    },
    "BritishColumbia.CAN/21.16/4/G": {
      "country": "Canada",
      "country_confidence": {
        "Canada": 0.9999999999999999
      },
      "country_entropy": -9.99866855976916e-13,
      "division": "British Columbia",
      "division_confidence": {
        "British Columbia": 1.0
      },
      "division_entropy": -1.000088900581841e-12
    },
    "BritishColumbia.CAN/21.16/6/G": {
      "country": "Canada",
      "country_confidence": {
        "Canada": 1.0
      },
      "country_entropy": -1.000088900581841e-12,
      "division": "British Columbia",
      "division_confidence": {
        "British Columbia": 1.0
      },
      "division_entropy": -1.000088900581841e-12
    },
    "BritishColumbia.CAN/22.16/2/G": {
      "country": "Canada",
      "country_confidence": {
        "Canada": 1.0
      },
      "country_entropy": -1.000088900581841e-12,
      "division": "British Columbia",
      "division_confidence": {
        "British Columbia": 1.0
      },
      "division_entropy": -1.000088900581841e-12
    },
    "BritishColumbia.CAN/23.16/1/G": {
      "country": "Canada",
      "country_confidence": {
        "Canada": 0.9999999999999999
      },
      "country_entropy": -9.99866855976916e-13,
      "division": "British Columbia",
      "division_confidence": {
        "British Columbia": 1.0
      },
      "division_entropy": -1.000088900581841e-12
    },
    "BritishColumbia.CAN/23.16/2/G": {
      "country": "Canada",
      "country_confidence": {
        "Canada": 1.0
      },
      "country_entropy": -1.000088900581841e-12,
      "division": "British Columbia",
      "division_confidence": {
        "British Columbia": 1.0
      },
      "division_entropy": -1.000088900581841e-12
    },
    "BritishColumbia.CAN/24.16/1/G": {
      "country": "Canada",
      "country_confidence": {
        "Canada": 1.0
      },
      "country_entropy": -1.000088900581841e-12,
      "division": "British Columbia",
      "division_confidence": {
        "British Columbia": 1.0
      },
      "division_entropy": -1.000088900581841e-12
    },
    "BritishColumbia.CAN/24.16/2/G": {
      "country": "Canada",
      "country_confidence": {
        "Canada": 0.9999999999999999
      },
      "country_entropy": -9.99866855976916e-13,
      "division": "British Columbia",
      "division_confidence": {
        "British Columbia": 1.0
      },
      "division_entropy": -1.000088900581841e-12
    },
    "BritishColumbia.CAN/24.16/3/G": {
      "country": "Canada",
      "country_confidence": {
        "Canada": 0.9999999999999999
      },
      "country_entropy": -9.99866855976916e-13,
      "division": "British Columbia",
      "division_confidence": {
        "British Columbia": 1.0
      },
      "division_entropy": -1.000088900581841e-12
    },
    "BritishColumbia.CAN/24.16/4/G": {
      "country": "Canada",
      "country_confidence": {
        "Canada": 0.9999999999999999
      },
      "country_entropy": -9.99866855976916e-13,
      "division": "British Columbia",
      "division_confidence": {
        "British Columbia": 0.9999999999999999
      },
