Map from character to field name
A:	Africa
B:	China
C:	Europe
D:	Japan Korea
E:	North America
F:	Oceania
G:	South Asia
H:	West Asia
I:	?


Substitution rate (mu): 18.491323

Equilibrium frequencies (pi_i):
  A: 0.1225
  B: 0.1075
  C: 0.1018
  D: 0.0965
  E: 0.2518
  F: 0.1101
  G: 0.0989
  H: 0.111

Symmetrized rates from j->i (W_ij):
	A	B	C	D	E	F	G	H
  A	0	0.6858	0.6867	0.6848	0.9819	0.688	0.686	0.6873
  B	0.6858	0	0.6864	0.7559	1.2547	0.6861	0.6845	0.6855
  C	0.6867	0.6864	0	0.6876	2.6296	0.6868	0.6877	0.6904
  D	0.6848	0.7559	0.6876	0	2.581	0.6852	0.7257	0.6847
  E	0.9819	1.2547	2.6296	2.581	0	1.6452	1.9516	1.6398
  F	0.688	0.6861	0.6868	0.6852	1.6452	0	0.6863	0.6874
  G	0.686	0.6845	0.6877	0.7257	1.9516	0.6863	0	0.6858
  H	0.6873	0.6855	0.6904	0.6847	1.6398	0.6874	0.6858	0

Actual rates from j->i (Q_ij):
	A	B	C	D	E	F	G	H
  A	0	0.084	0.0841	0.0839	0.1202	0.0842	0.084	0.0842
  B	0.0737	0	0.0738	0.0812	0.1348	0.0737	0.0736	0.0737
  C	0.0699	0.0699	0	0.07	0.2677	0.0699	0.07	0.0703
  D	0.0661	0.0729	0.0664	0	0.2491	0.0661	0.07	0.0661
  E	0.2472	0.3159	0.662	0.6498	0	0.4142	0.4913	0.4128
  F	0.0758	0.0756	0.0757	0.0755	0.1812	0	0.0756	0.0757
  G	0.0678	0.0677	0.068	0.0718	0.193	0.0679	0	0.0678
  H	0.0763	0.0761	0.0766	0.076	0.182	0.0763	0.0761	0
