{
  "generated_by": {
    "program": "augur",
    "version": "6.4.1"
  },
  "models": {
    "country": {
      "alphabet": [
        "Angola",
        "Argentina",
        "Brazil",
        "British Virgin Islands",
        "Brunei",
        "Cambodia",
        "Chile",
        "China",
        "Colombia",
        "Comoros",
        "Ecuador",
        "El Salvador",
        "Eritrea",
        "France",
        "French Polynesia",
        "Gabon",
        "Germany",
        "Haiti",
        "India",
        "Indonesia",
        "Jamaica",
        "Japan",
        "Laos",
        "Malaysia",
        "Mexico",
        "Myanmar",
        "New Caledonia",
        "Nicaragua",
        "Papua New Guinea",
        "Philippines",
        "Puerto Rico",
        "Saint Barthelemy",
        "Saudi Arabia",
        "Seychelles",
        "Singapore",
        "South Korea",
        "Sri Lanka",
        "Taiwan",
        "Thailand",
        "USA",
        "Venezuela",
        "Vietnam",
        "?"
      ],
      "equilibrium_probabilities": [
        0.024568321776076263,
        0.023951839679218337,
        0.026740725236337304,
        0.024748142952045336,
        0.025233658519559356,
        0.01746596900773906,
        0.025245206773275453,
        0.018612080230481363,
        0.024069551344450723,
        0.02502247467867722,
        0.024924466460209953,
        0.02515548043767864,
        0.025131802406085323,
        0.025332559815818754,
        0.02416727347421186,
        0.025024496090191705,
        0.025555582198764363,
        0.026259011472138535,
        0.019786519537627622,
        0.019190457384253838,
        0.025535339584539494,
        0.024710993566038134,
        0.020598136446166287,
        0.02171610425105395,
        0.02638331923045085,
        0.023241272639555444,
        0.02604557808317668,
        0.023398765288521813,
        0.025110386582300675,
        0.024273304541347258,
        0.024945183732100713,
        0.025211229804345783,
        0.02513844115492277,
        0.025197442523564987,
        0.016845760684819515,
        0.02469941117089181,
        0.022854759886104397,
        0.02383456461207359,
        0.020849227041292183,
        0.02679860329768755,
        0.0242507907507558,
        0.022175765653449243
      ],
      "rate": 149.26578681209546,
      "transition_matrix": [
        [
          0.0,
          0.9421595014554245,
          0.9417770363302352,
          0.9432717231058612,
          0.9429281196443375,
          0.9415650694437921,
          0.9432451599342951,
          1.3474463049010348,
          0.9420739817110673,
          0.9429081841355804,
          0.9426263791743139,
          0.9425453930514314,
          0.9433527074681278,
          0.9439272434005492,
          0.9433031781101755,
          1.1053084501761643,
          0.9425989189354065,
          0.9427509332126937,
          1.043292274028104,
          0.9429848533276401,
          0.9427058140463686,
          0.9433077904408299,
          0.9421380368602208,
          0.9457091431831359,
          0.9404546531269562,
          0.9432804635055919,
          0.9426387300261739,
          0.9406815206710819,
          0.9433452931596742,
          0.9432549094248648,
          0.9423183154253181,
          0.9425549415678047,
          0.943349128957481,
          0.9432086642141579,
          0.9474183106981988,
          0.9435164373284102,
          0.9423689953349703,
          0.9439031179576586,
          0.9513434507115467,
          0.9438443870334423,
          0.9396922022697819,
          0.9398421216189071
        ],
        [
          0.9421595014554245,
          0.0,
          3.331140394052752,
          0.941321740966423,
          0.9403603088973023,
          0.9392514065445419,
          0.9407823753854039,
          0.9407605408581294,
          0.9439747565739526,
          0.94037143007166,
          1.1019876931004542,
          0.9403552244439256,
          0.9411139356799832,
          0.9411517348870929,
          0.9407481540788036,
          0.9430331927990088,
          0.940383536162571,
          0.9405130724960706,
          0.9450975032852723,
          0.93969714312034,
          0.940489340718374,
          0.9405807437270924,
          0.9393517848198084,
          0.9416850253187955,
          0.9383780487292155,
          0.9396955651960761,
          0.9403808752386423,
          0.9389290943574659,
          0.9407850845464475,
          0.9406517920820225,
          0.940213826580266,
          0.9403702696185975,
          0.9411102453898066,
          0.9407379226036613,
          0.9367404960103684,
          0.9405428345351468,
          0.9401102834305897,
          0.9410420984345836,
          0.9419438404654167,
          0.9418660427429351,
          2.2822572587617214,
          0.936885018423216
        ],
        [
          0.9417770363302352,
          3.331140394052752,
          0.0,
          1.3842603570676593,
          0.9397220410012367,
          0.9385593184793002,
          0.9399911684698252,
          0.9407845835348893,
          0.9397204578212174,
          0.9397368068435521,
          0.940971310337581,
          0.9396923341311617,
          0.9403603536302355,
          0.9537613915326255,
          0.9402648560756316,
          0.9429031460270807,
          0.9395355051698744,
          0.9397487915832516,
          1.1222998072287709,
          0.9390657326768266,
          0.9396543998810339,
          0.9397841517241557,
          0.9385406216219568,
          0.9415832248948122,
          0.9372633581861554,
          0.9390478217795099,
          0.9395171591526486,
          0.9380930590292395,
          0.939998459639934,
          0.940072037824264,
          0.9400319122103438,
          0.9395318231703906,
          0.9403560215721384,
          0.9399767944726279,
          0.9368560586389565,
          0.9399418237386398,
          0.939321524661506,
          0.9404479780733067,
          0.9425806222954767,
          1.2346593578289282,
          1.864529605282346,
          0.9357837495393634
        ],
        [
          0.9432717231058612,
          0.941321740966423,
          1.3842603570676593,
          0.0,
          0.9412837823750501,
          0.9397326473422251,
          0.94152847508413,
          0.9419286018144238,
          0.9406933351619594,
          0.9412838411668425,
          0.9411978038727014,
          0.9411289603164688,
          0.9418663464653853,
          0.9629199146611236,
          0.9415546713914522,
          0.9444300897803216,
          0.9411220080937903,
          0.9412778942923665,
          1.3350556801294715,
          0.9402946795574976,
          0.9412306848841017,
          0.941307272696645,
          0.9399214395818148,
          0.9428785678550501,
          0.9389893936738782,
          0.94055768976657,
          0.9411341422357179,
          0.9393590750224851,
          0.9415275653709227,
          0.9414053591480007,
          0.941082715797799,
          0.9410982120590934,
          0.9418627053427161,
          0.9415388203477068,
          0.9382864772897374,
          0.9414591678884958,
          0.9407667899185189,
          0.9417834448258753,
          0.9435507776717229,
          0.9609486952319862,
          0.9394512943530203,
          0.9374691122622448
        ],
        [
          0.9429281196443375,
          0.9403603088973023,
          0.9397220410012367,
          0.9412837823750501,
          0.0,
          0.9394192793139102,
          0.9411368757994664,
          0.9464766049155517,
          0.9402616418829265,
          0.9406904572465877,
          0.9407788048879414,
          0.9406629829468618,
          0.9414634652277991,
          0.9414761815066703,
          0.9411072096536518,
          0.9441178618656659,
          0.9406979091865645,
          0.940815148184177,
          1.4096252551435817,
          1.4084021982027872,
          0.9408082366572948,
          0.9409578408478702,
          0.9395846856198696,
          0.9426429179758259,
          0.9384476118055497,
          0.9400149172933738,
          0.940702182678654,
          0.938885395192108,
          0.9411872072684812,
          0.9411351489137124,
          0.940397625174766,
          0.9406792898184261,
          0.9414596507662838,
          0.9410909709897727,
          0.9455319543505086,
          0.9409370308122108,
          0.9403844522344061,
          0.9413878980191086,
          0.9431821390426489,
          0.9411447109726767,
          0.9378352277316171,
          0.9369896784343293
        ],
        [
          0.9415650694437921,
          0.9392514065445419,
          0.9385593184793002,
          0.9397326473422251,
          0.9394192793139102,
          0.0,
          0.9400185108790627,
          2.16475961416829,
          0.9391742826786084,
          0.9394254782332953,
          0.9394903811318951,
          0.9394172827698629,
          0.9406383411088151,
          0.9403019697947738,
          0.9405162576573666,
          0.9426255653259109,
          0.9393984669673331,
          0.93945780031302,
          0.9462642883858997,
          0.9406938450212878,
          0.9394782880604942,
          0.9401366468630598,
          1.7293854242796511,
          0.9426823273887563,
          0.9378017717536858,
          1.0188528685792628,
          0.9396305065634557,
          0.9382775430724348,
          0.9401221152811893,
          0.9401058359322677,
          0.9393069639848663,
          0.9394031201858535,
          0.9406325463486568,
          0.9399707640542758,
          1.2419761005097603,
          0.9397596216666144,
          0.9394750545501621,
          1.2808183674216873,
          2.695906517929812,
          0.9463080019541823,
          0.937462765736805,
          4.972279347309207
        ],
        [
          0.9432451599342951,
          0.9407823753854039,
          0.9399911684698252,
          0.94152847508413,
          0.9411368757994664,
          0.9400185108790627,
          0.0,
          1.0740233246473947,
          0.9406885049761575,
          0.941121270917014,
          0.9412175563350109,
          0.9411082574764135,
          0.9419078369366353,
          0.9554213059433142,
          1.3989220352076746,
          0.944176126115416,
          0.9411497710953955,
          0.9412795241575529,
          0.9449580561747564,
          0.9453120136092257,
          0.9412595165513964,
          0.9428184923294843,
          0.9402994813244518,
          0.9426566302863232,
          0.9389513323823712,
          0.9407794224281698,
          0.9415653273344718,
          0.9392983489496862,
          0.94332900084609,
          0.9416184951535504,
          0.9408822320647595,
          0.9411248915579395,
          0.9419041096712708,
          0.9516776900062862,
          0.9401712551791372,
          0.9414912145265064,
          0.9408920666592652,
          0.9420783257739285,
          0.9442082484966794,
          0.9421281676972773,
          0.9382081795171409,
          0.93807350591504
        ],
        [
          1.3474463049010348,
          0.9407605408581294,
          0.9407845835348893,
          0.9419286018144238,
          0.9464766049155517,
          2.16475961416829,
          1.0740233246473947,
          0.0,
          0.9406823316037843,
          0.9415060043020348,
          0.941056927091997,
          0.9412363906350449,
          0.943557631639445,
          1.1699334235815075,
          1.2202393094074164,
          1.0905747788527707,
          0.941010178560838,
          0.9412160175225982,
          1.199926374839919,
          2.719519107824037,
          0.941092432426513,
          1.3879556442989998,
          1.9637920756378786,
          1.4336239987709787,
          0.9395276363336165,
          2.145320693139163,
          0.9419263641742494,
          0.9398883800058834,
          1.1635021171775848,
          1.433044468596646,
          0.9419765842466796,
          0.9409832191692542,
          0.9435450714684489,
          1.10706868700356,
          10.423075828621007,
          1.3739896878383349,
          1.2807160827630881,
          1.7616490271988166,
          3.8818624884207544,
          1.0609785412643078,
          0.9389874487192257,
          2.352038197699682
        ],
        [
          0.9420739817110673,
          0.9439747565739526,
          0.9397204578212174,
          0.9406933351619594,
          0.9402616418829265,
          0.9391742826786084,
          0.9406885049761575,
          0.9406823316037843,
          0.0,
          0.9402739152246703,
          0.997883646848803,
          0.9402569205413461,
          0.9410229511796817,
          0.9409071546598561,
          0.9406582876067417,
          0.9429500045914304,
          0.9402845991857841,
          0.9404132463636773,
          0.9439567273006914,
          0.9396155203148803,
          0.9403920154150489,
          0.940490178324182,
          0.9392783075422264,
          0.9416041328480346,
          0.9383039404681847,
          0.9396040585554369,
          0.9402806303646761,
          0.9388217677012053,
          0.9406929045682121,
          0.9405594896144042,
          0.9400650876734609,
          0.940272465481961,
          0.9410192137506104,
          0.9406435716627218,
          0.9366487964313172,
          0.9404490042321597,
          0.9400210648337742,
          0.9409525541396869,
          0.9418615313620999,
          0.9408515302392861,
          3.8565266663040463,
          0.9367834019014472
        ],
        [
          0.9429081841355804,
          0.94037143007166,
          0.9397368068435521,
          0.9412838411668425,
          0.9406904572465877,
          0.9394254782332953,
          0.941121270917014,
          0.9415060043020348,
          0.9402739152246703,
          0.0,
          0.9407868392836936,
          0.9406722147476528,
          0.941464652288359,
          0.941444147630762,
          0.9410729099218751,
          0.9440795924051089,
          0.940707193159058,
          0.9408234526572895,
          1.4139974530611619,
          0.9399551440189039,
          0.9408163656673993,
          0.9409100519175341,
          0.9395886091175123,
          0.9425713099298508,
          0.9384758368736861,
          0.9400163165425772,
          0.9407111997971127,
          0.938908713121063,
          0.9411257729784669,
          0.9409725303286218,
          0.9404081972885394,
          0.9406886116076931,
          0.9414608768758125,
          0.9410740383369744,
          0.938658252798855,
          0.9409048762197073,
          0.9403888015293278,
          0.9413743518426876,
          0.9430694825224789,
          0.9410797636178052,
          0.9378671561919485,
          0.937012847935199
        ],
        [
          0.9426263791743139,
          1.1019876931004542,
          0.940971310337581,
          0.9411978038727014,
          0.9407788048879414,
          0.9394903811318951,
          0.9412175563350109,
          0.941056927091997,
          0.997883646848803,
          0.9407868392836936,
          0.0,
          0.9407721988308165,
          0.9415593973347256,
          0.9414099293860182,
          0.941161321768978,
          0.9435370611844351,
          0.9408093791011883,
          0.9409514456543449,
          0.9442422186578949,
          0.9399817134227081,
          0.9409184724184457,
          0.9409975790821884,
          0.9396485498744509,
          0.942081267370808,
          0.9387078399559239,
          0.9400512302178385,
          0.9408147328842036,
          0.9392311765918788,
          0.9412170365738932,
          0.9410648985021658,
          0.9406169660619453,
          0.9407896621597033,
          0.9415556745556817,
          0.941170403267104,
          0.9368609990419156,
          0.9409588742487408,
          0.9404782287797376,
          0.9414619232357029,
          0.9423272166305234,
          0.9409962091551752,
          1.7188106823761549,
          0.9371066345537776
        ],
        [
          0.9425453930514314,
          0.9403552244439256,
          0.9396923341311617,
          0.9411289603164688,
          0.9406629829468618,
          0.9394172827698629,
          0.9411082574764135,
          0.9412363906350449,
          0.9402569205413461,
          0.9406722147476528,
          0.9407721988308165,
          0.0,
          0.9414534347055485,
          0.9413279859147758,
          0.9410769874621724,
          0.9434711575738111,
          0.9406914436686853,
          0.9408410028804348,
          0.944595856314499,
          0.9399499588130471,
          0.9408020229203667,
          0.9408945806631982,
          0.939560735265791,
          0.9421839426192908,
          0.938447925517939,
          0.9399440871797827,
          0.9406952842909665,
          0.9388916980953205,
          0.9411133439632309,
          0.9410871863538374,
          0.9404656083016464,
          0.9406729843831139,
          0.9414496399697978,
          0.9410610157784185,
          0.9367765354657103,
          0.940854095662754,
          0.9403711617449866,
          0.9414560203380683,
          0.9428036997173911,
          1.411804508597273,
          0.9378920221215541,
          0.9369765899873148
        ],
        [
          0.9433527074681278,
          0.9411139356799832,
          0.9403603536302355,
          0.9418663464653853,
          0.9414634652277991,
          0.9406383411088151,
          0.9419078369366353,
          0.943557631639445,
          0.9410229511796817,
          0.941464652288359,
          0.9415593973347256,
          0.9414534347055485,
          0.0,
          0.9420883069463721,
          0.9418279452729756,
          0.9443140241197433,
          0.9415004560049229,
          0.9416308389012641,
          0.9456719851211958,
          0.9405785644755327,
          0.9416103012351352,
          0.9420025930112331,
          0.942375795922485,
          0.9432814716370389,
          0.9392768308991861,
          0.9414860611518885,
          0.9415187625738288,
          0.9396265976975288,
          0.9419119074541361,
          0.9418213419390182,
          0.9411903952532061,
          0.9414712282150149,
          1.075482460802168,
          0.941859214900482,
          0.9376831644544232,
          0.9416299258928035,
          0.941103161468887,
          0.9944798488122145,
          1.2686178998182753,
          0.9422088075518985,
          0.9385472940639893,
          0.9382729549623999
        ],
        [
          0.9439272434005492,
          0.9411517348870929,
          0.9537613915326255,
          0.9629199146611236,
          0.9414761815066703,
          0.9403019697947738,
          0.9554213059433142,
          1.1699334235815075,
          0.9409071546598561,
          0.941444147630762,
          0.9414099293860182,
          0.9413279859147758,
          0.9420883069463721,
          0.0,
          0.9705657771751038,
          0.9452050742042915,
          0.9413259457247054,
          0.955911124401204,
          1.3901174299244394,
          0.9480550496617646,
          0.9415757905568642,
          0.9436620354804206,
          0.9405226736513516,
          0.9435170275613337,
          1.402995646444191,
          0.9411965845935238,
          0.9416048123246545,
          0.9472444022460993,
          0.9443261781740386,
          0.9418897355183226,
          1.3970131640604069,
          0.9413011407803831,
          0.9420845751517356,
          1.4228166011965264,
          0.9425416898514296,
          0.9418672591515331,
          0.9410700218169694,
          0.9424149872041232,
          0.9460823068275696,
          0.95451098474684,
          0.9459245194036696,
          1.4075310634030933
        ],
        [
          0.9433031781101755,
          0.9407481540788036,
          0.9402648560756316,
          0.9415546713914522,
          0.9411072096536518,
          0.9405162576573666,
          1.3989220352076746,
          1.2202393094074164,
          0.9406582876067417,
          0.9410729099218751,
          0.941161321768978,
          0.9410769874621724,
          0.9418279452729756,
          0.9705657771751038,
          0.0,
          0.9442275184737221,
          0.9410959123359778,
          0.9412780419288509,
          0.9460855651329372,
          0.9505238227225702,
          0.941202513717071,
          0.944347801210349,
          0.9405343318535947,
          0.9431101211320025,
          0.9390272828859909,
          0.9410046017587301,
          2.2739833415451405,
          0.9393317479720287,
          0.9452517346395819,
          0.941969402724521,
          0.9409610254594574,
          0.9410725493328205,
          0.9418243222774177,
          0.9627633525127234,
          0.9427732897352677,
          0.9415649204841642,
          0.9409164658438411,
          0.9424550908058162,
          0.9466470562354844,
          1.885689063263122,
          0.9384599584075652,
          1.2274224830760714
        ],
        [
          1.1053084501761643,
          0.9430331927990088,
          0.9429031460270807,
          0.9444300897803216,
          0.9441178618656659,
          0.9426255653259109,
          0.944176126115416,
          1.0905747788527707,
          0.9429500045914304,
          0.9440795924051089,
          0.9435370611844351,
          0.9434711575738111,
          0.9443140241197433,
          0.9452050742042915,
          0.9442275184737221,
          0.0,
          0.94353442718841,
          0.9437093894543559,
          1.1119761429891333,
          0.9444930875254993,
          0.9436416231308968,
          0.9444030402183959,
          0.9434421211752514,
          0.9478834598272382,
          0.9413738470455433,
          0.9451315638569725,
          0.9435958144367111,
          0.9415089271951176,
          0.944309522329089,
          0.9442958158992741,
          0.9432570323317735,
          0.943476381746675,
          0.9443103431005121,
          0.9441570558978335,
          0.955215902229551,
          0.9449107070758842,
          0.94338843195127,
          0.9451807428238858,
          0.9571184773379764,
          0.9454348637259605,
          0.9405522476375252,
          0.9412128756505008
        ],
        [
          0.9425989189354065,
          0.940383536162571,
          0.9395355051698744,
          0.9411220080937903,
          0.9406979091865645,
          0.9393984669673331,
          0.9411497710953955,
          0.941010178560838,
          0.9402845991857841,
          0.940707193159058,
          0.9408093791011883,
          0.9406914436686853,
          0.9415004560049229,
          0.9413259457247054,
          0.9410959123359778,
          0.94353442718841,
          0.0,
          0.940847532914397,
          0.9441720781146979,
          0.9398973912290568,
          0.9408401010410082,
          0.9409287714213485,
          0.9395706376464532,
          0.9420468679947632,
          0.9384503299180925,
          0.9399616702574785,
          0.9407330396699689,
          0.9388889887968569,
          0.9411510980067982,
          0.9409955747877675,
          0.9404186237742481,
          0.9407093514378898,
          0.9414966165219578,
          0.9411013684503697,
          0.936711229907691,
          0.9408863416206021,
          1.411155867612109,
          0.9414033567952835,
          0.9423033947764428,
          0.9407045657936138,
          0.9377769220904763,
          0.9369448004282983
        ],
        [
          0.9427509332126937,
          0.9405130724960706,
          0.9397487915832516,
          0.9412778942923665,
          0.940815148184177,
          0.93945780031302,
          0.9412795241575529,
          0.9412160175225982,
          0.9404132463636773,
          0.9408234526572895,
          0.9409514456543449,
          0.9408410028804348,
          0.9416308389012641,
          0.955911124401204,
          0.9412780419288509,
          0.9437093894543559,
          0.940847532914397,
          0.0,
          0.9445855753352769,
          0.9400005735756184,
          1.0650622431300314,
          0.9410445672055626,
          0.9396208774888719,
          0.9422750826028936,
          0.9385229698656115,
          0.9400462719529926,
          0.9408534700290179,
          0.9389867953655266,
          0.9412764052964501,
          0.9411889275440707,
          2.242997552870103,
          0.9408261959227021,
          0.9416269374784758,
          0.9412403030718492,
          0.9366884898218237,
          0.9410055102237912,
          0.9404952584916506,
          0.9415899280523207,
          0.9427509679951792,
          1.084820323600363,
          0.9577750486358757,
          0.9369468197972106
        ],
        [
          1.043292274028104,
          0.9450975032852723,
          1.1222998072287709,
          1.3350556801294715,
          1.4096252551435817,
          0.9462642883858997,
          0.9449580561747564,
          1.199926374839919,
          0.9439567273006914,
          1.4139974530611619,
          0.9442422186578949,
          0.944595856314499,
          0.9456719851211958,
          1.3901174299244394,
          0.9460855651329372,
          1.1119761429891333,
          0.9441720781146979,
          0.9445855753352769,
          0.0,
          0.9545672064219399,
          0.9442614562414643,
          0.9462339078870747,
          0.9486090991811776,
          1.0976744666539446,
          0.9426937875655458,
          1.4217730245455533,
          0.9442683166987987,
          0.9429746444077425,
          0.9453968119988669,
          0.9456233193325194,
          0.9459449624208588,
          0.9441091053368599,
          0.945663501088393,
          0.9451486450572215,
          4.800730406425469,
          1.4047562244468874,
          0.9443358562537927,
          0.9478820228394297,
          1.7247353780227928,
          1.4260929653827878,
          0.9744454230232902,
          0.9441952251516305
        ],
        [
          0.9429848533276401,
          0.93969714312034,
          0.9390657326768266,
          0.9402946795574976,
          1.4084021982027872,
          0.9406938450212878,
          0.9453120136092257,
          2.719519107824037,
          0.9396155203148803,
          0.9399551440189039,
          0.9399817134227081,
          0.9399499588130471,
          0.9405785644755327,
          0.9480550496617646,
          0.9505238227225702,
          0.9444930875254993,
          0.9398973912290568,
          0.9400005735756184,
          0.9545672064219399,
          0.0,
          0.9399848612743262,
          0.9576364061561656,
          0.9423535125341065,
          0.9454039718148736,
          0.9381880708301802,
          0.9403986411699443,
          0.9399984126736801,
          0.9386502704258401,
          0.963380463595175,
          1.0039146473619582,
          0.9399642990050372,
          0.9398938458575328,
          0.9405747368214443,
          0.9459169424875913,
          5.994077947022508,
          1.3859392072575507,
          0.9401103748088243,
          0.9438249491220394,
          0.991351548923909,
          0.955282188420913,
          0.9377537025352356,
          0.9383186023080894
        ],
        [
          0.9427058140463686,
          0.940489340718374,
          0.9396543998810339,
          0.9412306848841017,
          0.9408082366572948,
          0.9394782880604942,
          0.9412595165513964,
          0.941092432426513,
          0.9403920154150489,
          0.9408163656673993,
          0.9409184724184457,
          0.9408020229203667,
          0.9416103012351352,
          0.9415757905568642,
          0.941202513717071,
          0.9436416231308968,
          0.9408401010410082,
          1.0650622431300314,
          0.9442614562414643,
          0.9399848612743262,
          0.0,
          0.9410348815574316,
          0.9396516481724125,
          0.9421447122272972,
          0.9385662716603491,
          0.9400622584050563,
          0.9408465040927023,
          0.9389935158966627,
          0.9412597030854893,
          0.9411022184446116,
          1.3106723558528142,
          0.9408193650907192,
          0.9416064901968065,
          0.9412110135989394,
          0.9367830917095741,
          0.9409933599022416,
          0.9404981858465772,
          0.9415078119283387,
          0.9423987364111167,
          0.942010980235688,
          0.9381316851804345,
          0.9370439869666352
        ],
        [
          0.9433077904408299,
          0.9405807437270924,
          0.9397841517241557,
          0.941307272696645,
          0.9409578408478702,
          0.9401366468630598,
          0.9428184923294843,
          1.3879556442989998,
          0.940490178324182,
          0.9409100519175341,
          0.9409975790821884,
          0.9408945806631982,
          0.9420025930112331,
          0.9436620354804206,
          0.944347801210349,
          0.9444030402183959,
          0.9409287714213485,
          0.9410445672055626,
          0.9462339078870747,
          0.9576364061561656,
          0.9410348815574316,
          0.0,
          0.9451007283770942,
          0.9433576140018244,
          0.9387393404486777,
          0.9407561451986036,
          0.9409833117949069,
          0.9391372972115496,
          1.4133122718710287,
          0.9415863527959258,
          0.9406593636449125,
          0.940907031757771,
          0.9419979614913803,
          0.9428905952946663,
          1.1702364325321273,
          0.9413855303838092,
          0.9407579559721305,
          0.9422093313844153,
          1.4149849050915366,
          0.9420216367615849,
          0.9380574727457295,
          0.9380009153428112
        ],
        [
          0.9421380368602208,
          0.9393517848198084,
          0.9385406216219568,
          0.9399214395818148,
          0.9395846856198696,
          1.7293854242796511,
          0.9402994813244518,
          1.9637920756378786,
          0.9392783075422264,
          0.9395886091175123,
          0.9396485498744509,
          0.939560735265791,
          0.942375795922485,
          0.9405226736513516,
          0.9405343318535947,
          0.9434421211752514,
          0.9395706376464532,
          0.9396208774888719,
          0.9486090991811776,
          0.9423535125341065,
          0.9396516481724125,
          0.9451007283770942,
          0.0,
          0.9448623960192273,
          0.9376935514912969,
          1.0663681460435264,
          0.939548827837617,
          0.9381865828379565,
          0.9404749966016811,
          0.9405127735645294,
          0.9393639066125666,
          0.9395684579182956,
          0.9423627254579733,
          0.9402491362751062,
          1.9690630939399756,
          0.9400096362223336,
          0.9436783033106343,
          1.4684568447775943,
          4.097479768112134,
          0.9434459535049893,
          0.937239275350676,
          0.94150784043127
        ],
        [
          0.9457091431831359,
          0.9416850253187955,
          0.9415832248948122,
          0.9428785678550501,
          0.9426429179758259,
          0.9426823273887563,
          0.9426566302863232,
          1.4336239987709787,
          0.9416041328480346,
          0.9425713099298508,
          0.942081267370808,
          0.9421839426192908,
          0.9432814716370389,
          0.9435170275613337,
          0.9431101211320025,
          0.9478834598272382,
          0.9420468679947632,
          0.9422750826028936,
          1.0976744666539446,
          0.9454039718148736,
          0.9421447122272972,
          0.9433576140018244,
          0.9448623960192273,
          0.0,
          0.9401469878493665,
          0.9443166649172418,
          0.9420883300100361,
          0.9405432872483577,
          0.9428581734923241,
          0.9427118267523006,
          0.9424575405709525,
          0.942012818239442,
          0.9432739417041761,
          0.9426085564587745,
          4.784512836918105,
          0.9431112636375674,
          0.941898003755906,
          0.9443373741866986,
          1.1433216505870374,
          0.9687212740566581,
          0.9395821718035722,
          0.9400499046803537
        ],
        [
          0.9404546531269562,
          0.9383780487292155,
          0.9372633581861554,
          0.9389893936738782,
          0.9384476118055497,
          0.9378017717536858,
          0.9389513323823712,
          0.9395276363336165,
          0.9383039404681847,
          0.9384758368736861,
          0.9387078399559239,
          0.938447925517939,
          0.9392768308991861,
          1.402995646444191,
          0.9390272828859909,
          0.9413738470455433,
          0.9384503299180925,
          0.9385229698656115,
          0.9426937875655458,
          0.9381880708301802,
          0.9385662716603491,
          0.9387393404486777,
          0.9376935514912969,
          0.9401469878493665,
          0.0,
          0.9378667756879455,
          0.9384109495558738,
          2.7930211508111626,
          0.938936487075557,
          0.9388368836070268,
          0.9382314596903958,
          0.9384919201599762,
          0.9392723055922577,
          0.9389567888517252,
          0.9350887796819457,
          0.9386874777110554,
          0.938351332847825,
          0.939291273496201,
          0.9404872535480164,
          0.9384643810502974,
          1.1644360764637747,
          0.9348650409779486
        ],
        [
          0.9432804635055919,
          0.9396955651960761,
          0.9390478217795099,
          0.94055768976657,
          0.9400149172933738,
          1.0188528685792628,
          0.9407794224281698,
          2.145320693139163,
          0.9396040585554369,
          0.9400163165425772,
          0.9400512302178385,
          0.9399440871797827,
          0.9414860611518885,
          0.9411965845935238,
          0.9410046017587301,
          0.9451315638569725,
          0.9399616702574785,
          0.9400462719529926,
          1.4217730245455533,
          0.9403986411699443,
          0.9400622584050563,
          0.9407561451986036,
          1.0663681460435264,
          0.9443166649172418,
          0.9378667756879455,
          0.0,
          0.9399520461217363,
          0.9383589867134895,
          0.9409003899710503,
          0.9406524388171188,
          0.9397160916303702,
          0.9399544866927265,
          0.941479923495455,
          0.9407121662269874,
          0.9434115060965357,
          0.9404086104783674,
          0.9397996764328704,
          0.9429553496843134,
          2.254338129430729,
          0.9423712283828125,
          0.937365673407501,
          0.9374512795864743
        ],
        [
          0.9426387300261739,
          0.9403808752386423,
          0.9395171591526486,
          0.9411341422357179,
          0.940702182678654,
          0.9396305065634557,
          0.9415653273344718,
          0.9419263641742494,
          0.9402806303646761,
          0.9407111997971127,
          0.9408147328842036,
          0.9406952842909665,
          0.9415187625738288,
          0.9416048123246545,
          2.2739833415451405,
          0.9435958144367111,
          0.9407330396699689,
          0.9408534700290179,
          0.9442683166987987,
          0.9399984126736801,
          0.9408465040927023,
          0.9409833117949069,
          0.939548827837617,
          0.9420883300100361,
          0.9384109495558738,
          0.9399520461217363,
          0.0,
          0.9388579978712662,
          0.9412258821658377,
          0.9410077461180043,
          0.9404184739468836,
          0.9407133632631232,
          0.9415148506184069,
          0.9412866770278864,
          0.9367236158792459,
          0.940894339436417,
          0.9403966092866203,
          0.9415163998256377,
          0.9424728367298181,
          0.9413144429805208,
          0.9377242176021544,
          1.2257002353940634
        ],
        [
          0.9406815206710819,
          0.9389290943574659,
          0.9380930590292395,
          0.9393590750224851,
          0.938885395192108,
          0.9382775430724348,
          0.9392983489496862,
          0.9398883800058834,
          0.9388217677012053,
          0.938908713121063,
          0.9392311765918788,
          0.9388916980953205,
          0.9396265976975288,
          0.9472444022460993,
          0.9393317479720287,
          0.9415089271951176,
          0.9388889887968569,
          0.9389867953655266,
          0.9429746444077425,
          0.9386502704258401,
          0.9389935158966627,
          0.9391372972115496,
          0.9381865828379565,
          0.9405432872483577,
          2.7930211508111626,
          0.9383589867134895,
          0.9388579978712662,
          0.0,
          0.9393124155202648,
          0.9393395956781198,
          0.9387281455703673,
          1.4083417113557604,
          0.9396226115686589,
          0.9392598295403308,
          0.9358705633662465,
          0.9391000115408108,
          0.9387822618050619,
          0.9397182948524578,
          0.9411656969097301,
          1.4085940106724384,
          1.7276356930560586,
          0.9356846208219366
        ],
        [
          0.9433452931596742,
          0.9407850845464475,
          0.939998459639934,
          0.9415275653709227,
          0.9411872072684812,
          0.9401221152811893,
          0.94332900084609,
          1.1635021171775848,
          0.9406929045682121,
          0.9411257729784669,
          0.9412170365738932,
          0.9411133439632309,
          0.9419119074541361,
          0.9443261781740386,
          0.9452517346395819,
          0.944309522329089,
          0.9411510980067982,
          0.9412764052964501,
          0.9453968119988669,
          0.963380463595175,
          0.9412597030854893,
          1.4133122718710287,
          0.9404749966016811,
          0.9428581734923241,
          0.938936487075557,
          0.9409003899710503,
          0.9412258821658377,
          0.9393124155202648,
          0.0,
          0.9417696509069039,
          0.9408775683765671,
          0.9411260112343145,
          0.9419081112908407,
          0.9434276748295763,
          0.9443023211571657,
          0.9415899600170053,
          0.9409251910708886,
          0.942174176930324,
          0.9472039622236165,
          0.9418229169597261,
          0.9382220985764237,
          0.9380063771365642
        ],
        [
          0.9432549094248648,
          0.9406517920820225,
          0.940072037824264,
          0.9414053591480007,
          0.9411351489137124,
          0.9401058359322677,
          0.9416184951535504,
          1.433044468596646,
          0.9405594896144042,
          0.9409725303286218,
          0.9410648985021658,
          0.9410871863538374,
          0.9418213419390182,
          0.9418897355183226,
          0.941969402724521,
          0.9442958158992741,
          0.9409955747877675,
          0.9411889275440707,
          0.9456233193325194,
          1.0039146473619582,
          0.9411022184446116,
          0.9415863527959258,
          0.9405127735645294,
          0.9427118267523006,
          0.9388368836070268,
          0.9406524388171188,
          0.9410077461180043,
          0.9393395956781198,
          0.9417696509069039,
          0.0,
          0.9412004323051859,
          0.9409736565256924,
          0.9418170051456096,
          0.9415711481501657,
          0.9445861700921668,
          0.9977190509062939,
          0.940766227803972,
