{
  "generated_by": {
    "program": "augur",
    "version": "6.4.1"
  },
  "models": {
    "country": {
      "alphabet": [
        "Brazil",
        "Cambodia",
        "China",
        "Colombia",
        "Ecuador",
        "French Polynesia",
        "Haiti",
        "India",
        "Indonesia",
        "Japan",
        "Laos",
        "Malaysia",
        "New Caledonia",
        "Pakistan",
        "Papua New Guinea",
        "Philippines",
        "Singapore",
        "Taiwan",
        "Thailand",
        "USA",
        "Venezuela",
        "Vietnam",
        "Wallis And Futuna",
        "?"
      ],
      "equilibrium_probabilities": [
        0.04705836132958536,
        0.04178668032238267,
        0.044651575803582935,
        0.04092451279990197,
        0.043118546305116176,
        0.046202679688183645,
        0.04387045565247927,
        0.04569520943626907,
        0.04180823759410732,
        0.04376197851033083,
        0.042880895895598965,
        0.04365288126449072,
        0.044086833493225494,
        0.04299317561113391,
        0.043121190412059654,
        0.04273619121619656,
        0.04446857798058038,
        0.04224409252670219,
        0.04133500359966092,
        0.04380122453217953,
        0.04191663996105984,
        0.04348405228282692,
        0.04440100378234564
      ],
      "rate": 145.80319570675704,
      "transition_matrix": [
        [
          0.0,
          0.9412879771679551,
          1.004232216187801,
          1.6695183556976994,
          0.9412530432319788,
          0.9411617364877433,
          1.4128767317050455,
          1.0113478787229027,
          0.9709566871617389,
          0.9424694705754635,
          0.9412845740928332,
          0.9425038921073785,
          0.9419359179153072,
          0.9418404408694533,
          0.9415888347196384,
          0.9615177491672687,
          0.948758278736563,
          0.942096754067968,
          1.416823057732816,
          1.4717810728558256,
          2.240625178517874,
          0.9424637163420354,
          0.9412701480421016
        ],
        [
          0.9412879771679551,
          0.0,
          1.0069278180390715,
          0.9438157096120153,
          0.9410706188675695,
          0.9410518333522478,
          0.9408778357895836,
          0.9528853131252873,
          0.947908135652113,
          0.9420669334250262,
          0.9443908488156646,
          0.9420805536368259,
          0.9413664892289714,
          0.9412326871158567,
          0.9411910275854435,
          0.9465257404718678,
          1.023811196002229,
          0.9423293788965308,
          2.918814154376153,
          0.9388724958984251,
          0.9389970006584656,
          0.9891413020842403,
          0.9411599845484608
        ],
        [
          1.004232216187801,
          1.0069278180390715,
          0.0,
          1.0354689524343306,
          0.9468075885616729,
          0.9472290661509084,
          0.947195488225667,
          1.155505754267373,
          1.89317632822112,
          0.9498270855361294,
          0.9472066254333343,
          0.9499419784635385,
          0.9559190497588407,
          0.948412413385283,
          0.948384650625799,
          2.0610535493905138,
          1.9770913177278977,
          0.9505856409395939,
          3.422447940709587,
          0.9529582177900228,
          0.9518989748915009,
          1.157793076407606,
          0.9470700650468556
        ],
        [
          1.6695183556976994,
          0.9438157096120153,
          1.0354689524343306,
          0.0,
          0.9439842221928302,
          0.9440168440126822,
          0.9624800712029027,
          1.0439296254447876,
          0.9869816428787211,
          0.9451202698563387,
          0.9439337146365822,
          0.945156445293563,
          0.9449709876237229,
          0.9447151026253331,
          0.9443847310007338,
          0.9716241623008873,
          0.9538060495625407,
          0.9445647351804829,
          0.9511472042236265,
          1.435595625404083,
          2.828015916141742,
          0.9449893943705487,
          0.9439977408009632
        ],
        [
          0.9412530432319788,
          0.9410706188675695,
          0.9468075885616729,
          0.9439842221928302,
          0.0,
          0.9415060837806358,
          0.9413055036898963,
          0.9484863319295098,
          0.945690914278585,
          0.9425108315127061,
          0.9415481435525219,
          0.9425227248713003,
          0.9416116395345058,
          0.9416343036768324,
          0.9416071321412695,
          0.9451554344179647,
          0.9434609774956567,
          0.9419435704562542,
          0.9411582432209515,
          0.9392318952233552,
          1.4091107206041933,
          0.9422586012079291,
          0.9415999611464037
        ],
        [
          0.9411617364877433,
          0.9410518333522478,
          0.9472290661509084,
          0.9440168440126822,
          0.9415060837806358,
          0.0,
          0.9412973859711457,
          0.9489667299903174,
          0.947684019173062,
          0.9425980293799072,
          0.9415633958499622,
          0.9426108645777023,
          1.8917368401710588,
          0.941655714331192,
          0.9416274189839264,
          0.9454195741847734,
          0.9439208501431581,
          0.9419913765772338,
          0.9411480838939773,
          0.939031786249343,
          0.9391532614174163,
          0.9423244886687885,
          0.9453993398770123
        ],
        [
          1.4128767317050455,
          0.9408778357895836,
          0.947195488225667,
          0.9624800712029027,
          0.9413055036898963,
          0.9412973859711457,
          0.0,
          0.9490562714169695,
          0.9458820550284678,
          0.942332800281487,
          0.9413555577280147,
          0.9423455541604652,
          0.9414202586016905,
          0.9414449880176953,
          0.9414159218931266,
          0.9452143254023003,
          0.9433545002132282,
          0.9417625649414842,
          0.9410206424549397,
          1.8573975481968334,
          0.9502868001944411,
          0.9420777368696581,
          0.9414009248062276
        ],
        [
          1.0113478787229027,
          0.9528853131252873,
          1.155505754267373,
          1.0439296254447876,
          0.9484863319295098,
          0.9489667299903174,
          0.9490562714169695,
          0.0,
          1.052322076252763,
          0.9502591641962554,
          0.9491343459933047,
          0.9503350161575332,
          0.9511186733448019,
          1.438864812483611,
          0.9496027695784062,
          1.4531934695294233,
          0.9730976461546801,
          0.9502109270257398,
          1.454694060159265,
          0.9557816471967203,
          0.9548522341650846,
          0.9506940413459358,
          0.9487440788261173
        ],
        [
          0.9709566871617389,
          0.947908135652113,
          1.89317632822112,
          0.9869816428787211,
          0.945690914278585,
          0.947684019173062,
          0.9458820550284678,
          1.052322076252763,
          0.0,
          1.242210107043238,
          0.9459830736821067,
          1.2798366591736448,
          1.6985359645889906,
          0.9467056685722496,
          1.4232386804166748,
          0.9940719366772216,
          2.5910718633502117,
          1.2453559281867137,
          1.220528646443321,
          0.9472735892661698,
          0.9472367839399045,
          0.9491729722062888,
          0.9480221626614781
        ],
        [
          0.9424694705754635,
          0.9420669334250262,
          0.9498270855361294,
          0.9451202698563387,
          0.9425108315127061,
          0.9425980293799072,
          0.942332800281487,
          0.9502591641962554,
          1.242210107043238,
          0.0,
          0.9425612503851862,
          1.2315404571792152,
          0.9435778881638073,
          0.942648724123474,
          0.9430951940788993,
          0.946433745900609,
          0.9492069781545484,
          0.9433713493264073,
          0.942558871448643,
          0.9402048300093981,
          0.9402737616634117,
          0.9433004734492261,
          0.9426497873920054
        ],
        [
          0.9412845740928332,
          0.9443908488156646,
          0.9472066254333343,
          0.9439337146365822,
          0.9415481435525219,
          0.9415633958499622,
          0.9413555577280147,
          0.9491343459933047,
          0.9459830736821067,
          0.9425612503851862,
          0.0,
          0.9425730152274423,
          0.9416692645509422,
          0.9416913773989389,
          0.9416606546549039,
          0.945478026490173,
          0.9437398971155977,
          0.942172163905015,
          1.410178377224902,
          0.9392581783102141,
          0.9393686093306073,
          0.9424850776635261,
          0.9416545272578716
        ],
        [
          0.9425038921073785,
          0.9420805536368259,
          0.9499419784635385,
          0.945156445293563,
          0.9425227248713003,
          0.9426108645777023,
          0.9423455541604652,
          0.9503350161575332,
          1.2798366591736448,
          1.2315404571792152,
          0.9425730152274423,
          0.0,
          0.943619794133162,
          0.9426606484029448,
          0.9431136579569548,
          0.9464625036408844,
          0.9496795510178745,
          0.9434012359684895,
          0.9425980154338508,
          0.9402258196292846,
          0.9402934117189511,
          0.9433113067842943,
          0.942661905661811
        ],
        [
          0.9419359179153072,
          0.9413664892289714,
          0.9559190497588407,
          0.9449709876237229,
          0.9416116395345058,
          1.8917368401710588,
          0.9414202586016905,
          0.9511186733448019,
          1.6985359645889906,
          0.9435778881638073,
          0.9416692645509422,
          0.943619794133162,
          0.0,
          0.9417698378499062,
          0.9419651819173932,
          0.9463498668236171,
          1.2534234809729299,
          0.9429701220985642,
          0.942912844014272,
          0.9393486669107975,
          0.9394486436707125,
          0.9426846630042643,
          1.4154079156799333
        ],
        [
          0.9418404408694533,
          0.9412326871158567,
          0.948412413385283,
          0.9447151026253331,
          0.9416343036768324,
          0.941655714331192,
          0.9414449880176953,
          1.438864812483611,
          0.9467056685722496,
          0.942648724123474,
          0.9416913773989389,
          0.9426606484029448,
          0.9417698378499062,
          0.0,
          0.94175201774163,
          0.9466644616028985,
          0.9437775139551742,
          0.9420855050431732,
          0.9423192189470351,
          0.9394105556086004,
          0.9394998028855902,
          0.9424006980214347,
          0.9417433595631909
        ],
        [
          0.9415888347196384,
          0.9411910275854435,
          0.948384650625799,
          0.9443847310007338,
          0.9416071321412695,
          0.9416274189839264,
          0.9414159218931266,
          0.9496027695784062,
          1.4232386804166748,
          0.9430951940788993,
          0.9416606546549039,
          0.9431136579569548,
          0.9419651819173932,
          0.94175201774163,
          0.0,
          0.9456060962948595,
          0.9497553381980864,
          0.9422485726380421,
          0.9415368678401164,
          0.939343401528649,
          0.9394431449336833,
          0.9423834353867425,
          0.9417172823288976
        ],
        [
          0.9615177491672687,
          0.9465257404718678,
          2.0610535493905138,
          0.9716241623008873,
          0.9451554344179647,
          0.9454195741847734,
          0.9452143254023003,
          1.4531934695294233,
          0.9940719366772216,
          0.946433745900609,
          0.945478026490173,
          0.9464625036408844,
          0.9463498668236171,
          0.9466644616028985,
          0.9456060962948595,
          0.0,
          1.0030012607008725,
          0.9460185201943526,
          1.0016567982570155,
          0.9454106597461831,
          0.9452722297093674,
          0.9469778163529543,
          0.9453500061220504
        ],
        [
          0.948758278736563,
          1.023811196002229,
          1.9770913177278977,
          0.9538060495625407,
          0.9434609774956567,
          0.9439208501431581,
          0.9433545002132282,
          0.9730976461546801,
          2.5910718633502117,
          0.9492069781545484,
          0.9437398971155977,
          0.9496795510178745,
          1.2534234809729299,
          0.9437775139551742,
          0.9497553381980864,
          1.0030012607008725,
          0.0,
          0.9472768316579854,
          1.427648882444538,
          0.941882446808539,
          0.9418953105645482,
          1.1757429452356907,
          0.9437953305632885
        ],
        [
          0.942096754067968,
          0.9423293788965308,
          0.9505856409395939,
          0.9445647351804829,
          0.9419435704562542,
          0.9419913765772338,
          0.9417625649414842,
          0.9502109270257398,
          1.2453559281867137,
          0.9433713493264073,
          0.942172163905015,
          0.9434012359684895,
          0.9429701220985642,
          0.9420855050431732,
          0.9422485726380421,
          0.9460185201943526,
          0.9472768316579854,
          0.0,
          1.3454301228037224,
          0.9397208473583426,
          0.9398083646173908,
          0.9428830105671475,
          0.9420640214207007
        ],
        [
          1.416823057732816,
          2.918814154376153,
          3.422447940709587,
          0.9511472042236265,
          0.9411582432209515,
          0.9411480838939773,
          0.9410206424549397,
          1.454694060159265,
          1.220528646443321,
          0.942558871448643,
          1.410178377224902,
          0.9425980154338508,
          0.942912844014272,
          0.9423192189470351,
          0.9415368678401164,
          1.0016567982570155,
          1.427648882444538,
          1.3454301228037224,
          0.0,
          0.9397505068218923,
          0.9398350176351087,
          1.0332730885009525,
          0.9412493621995134
        ],
        [
          1.4717810728558256,
          0.9388724958984251,
          0.9529582177900228,
          1.435595625404083,
          0.9392318952233552,
          0.939031786249343,
          1.8573975481968334,
          0.9557816471967203,
          0.9472735892661698,
          0.9402048300093981,
          0.9392581783102141,
          0.9402258196292846,
          0.9393486669107975,
          0.9394105556086004,
          0.939343401528649,
          0.9454106597461831,
          0.941882446808539,
          0.9397208473583426,
          0.9397505068218923,
          0.0,
          1.4410966715955473,
          0.9399696662097915,
          0.9392217908617476
        ],
        [
          2.240625178517874,
          0.9389970006584656,
          0.9518989748915009,
          2.828015916141742,
          1.4091107206041933,
          0.9391532614174163,
          0.9502868001944411,
          0.9548522341650846,
          0.9472367839399045,
          0.9402737616634117,
          0.9393686093306073,
          0.9402934117189511,
          0.9394486436707125,
          0.9394998028855902,
          0.9394431449336833,
          0.9452722297093674,
          0.9418953105645482,
          0.9398083646173908,
          0.9398350176351087,
          1.4410966715955473,
          0.0,
          0.9400480050996087,
          0.9393347485442287
        ],
        [
          0.9424637163420354,
          0.9891413020842403,
          1.157793076407606,
          0.9449893943705487,
          0.9422586012079291,
          0.9423244886687885,
          0.9420777368696581,
          0.9506940413459358,
          0.9491729722062888,
          0.9433004734492261,
          0.9424850776635261,
          0.9433113067842943,
          0.9426846630042643,
          0.9424006980214347,
          0.9423834353867425,
          0.9469778163529543,
          1.1757429452356907,
          0.9428830105671475,
          1.0332730885009525,
          0.9399696662097915,
          0.9400480050996087,
          0.0,
          0.9423872131386192
        ],
        [
          0.9412701480421016,
          0.9411599845484608,
          0.9470700650468556,
          0.9439977408009632,
          0.9415999611464037,
          0.9453993398770123,
          0.9414009248062276,
          0.9487440788261173,
          0.9480221626614781,
          0.9426497873920054,
          0.9416545272578716,
          0.942661905661811,
          1.4154079156799333,
          0.9417433595631909,
          0.9417172823288976,
          0.9453500061220504,
          0.9437953305632885,
          0.9420640214207007,
          0.9412493621995134,
          0.9392217908617476,
          0.9393347485442287,
          0.9423872131386192,
          0.0
        ]
      ]
    },
    "region": {
      "alphabet": [
        "China",
        "Japan Korea",
        "North America",
        "Oceania",
        "South America",
        "South Asia",
        "Southeast Asia",
        "West Asia",
        "?"
      ],
      "equilibrium_probabilities": [
        0.10407374322491932,
        0.11699751130703945,
        0.12149690954217322,
        0.11776250224431851,
        0.14631349774542046,
        0.11438063762214198,
        0.14875533435996596,
        0.13021986395402105
      ],
      "rate": 56.68238051833287,
      "transition_matrix": [
        [
          0.0,
          0.7715273465623954,
          0.7649999023311376,
          0.7715988046404761,
          0.8239301696064513,
          0.8259425723426537,
          5.517777253693357,
          0.7704971091570717
        ],
        [
          0.7715273465623954,
          0.0,
          0.7671025181335814,
          0.7731088148463209,
          0.7612669558371535,
          0.771728713571888,
          1.136818176723633,
          0.7740548467828563
        ],
        [
          0.7649999023311376,
          0.7671025181335814,
          0.0,
          0.7660159558250755,
          2.3016759566692375,
          0.7649262001525178,
          0.7454536594048646,
          0.7663583574850897
        ],
        [
          0.7715988046404761,
          0.7731088148463209,
          0.7660159558250755,
          0.0,
          0.7606462638987023,
          0.7724117407301979,
          1.9031335193328651,
          0.7729206682860809
        ],
        [
          0.8239301696064513,
          0.7612669558371535,
          2.3016759566692375,
          0.7606462638987023,
          0.0,
          0.7924969570167754,
          1.3996485935814873,
          0.7597296178766307
        ],
        [
          0.8259425723426537,
          0.771728713571888,
          0.7649262001525178,
          0.7724117407301979,
          0.7924969570167754,
          0.0,
          1.7509964872689228,
          1.1651621882064942
        ],
        [
          5.517777253693357,
          1.136818176723633,
          0.7454536594048646,
          1.9031335193328651,
          1.3996485935814873,
          1.7509964872689228,
          0.0,
          0.7528967429999596
        ],
        [
          0.7704971091570717,
          0.7740548467828563,
          0.7663583574850897,
          0.7729206682860809,
          0.7597296178766307,
          1.1651621882064942,
          0.7528967429999596,
          0.0
        ]
      ]
    }
  },
  "nodes": {
    "00151_P": {
      "country": "Ecuador",
      "country_confidence": {
        "Ecuador": 1.0
      },
      "country_entropy": -1.000088900581841e-12,
      "region": "South America",
      "region_confidence": {
        "South America": 1.0
      },
      "region_entropy": -1.000088900581841e-12
    },
    "11/1666": {
      "country": "Thailand",
      "country_confidence": {
        "Thailand": 1.0
      },
      "country_entropy": -1.000088900581841e-12,
      "region": "Southeast Asia",
      "region_confidence": {
        "Southeast Asia": 1.0
      },
      "region_entropy": -1.000088900581841e-12
    },
    "2013JH285": {
      "country": "China",
      "country_confidence": {
        "China": 0.9999999999999999
      },
      "country_entropy": -9.99866855976916e-13,
      "region": "China",
      "region_confidence": {
        "China": 1.0
      },
      "region_entropy": -1.000088900581841e-12
    },
    "2018XN20946a": {
      "country": "China",
      "country_confidence": {
        "China": 1.0
      },
      "country_entropy": -1.000088900581841e-12,
      "region": "China",
      "region_confidence": {
        "China": 1.0
      },
      "region_entropy": -1.000088900581841e-12
    },
    "BR/SJRP/500/2012": {
      "country": "Brazil",
      "country_confidence": {
        "Brazil": 1.0
      },
      "country_entropy": -1.000088900581841e-12,
      "region": "South America",
      "region_confidence": {
        "South America": 1.0
      },
      "region_entropy": -1.000088900581841e-12
    },
    "BR/SJRP/505/2012": {
      "country": "Brazil",
      "country_confidence": {
        "Brazil": 1.0
      },
      "country_entropy": -1.000088900581841e-12,
      "region": "South America",
      "region_confidence": {
        "South America": 0.9999999999999999
      },
      "region_entropy": -9.99866855976916e-13
    },
    "BR/SJRP/506/2012": {
      "country": "Brazil",
      "country_confidence": {
        "Brazil": 1.0
      },
      "country_entropy": -1.000088900581841e-12,
      "region": "South America",
      "region_confidence": {
        "South America": 1.0
      },
      "region_entropy": -1.000088900581841e-12
    },
    "BR/SJRP/514/2012": {
      "country": "Brazil",
      "country_confidence": {
        "Brazil": 1.0
      },
      "country_entropy": -1.000088900581841e-12,
      "region": "South America",
      "region_confidence": {
        "South America": 0.9999999999999999
      },
      "region_entropy": -9.99866855976916e-13
    },
    "BR/SJRP/556/2012": {
      "country": "Brazil",
      "country_confidence": {
        "Brazil": 1.0
      },
      "country_entropy": -1.000088900581841e-12,
      "region": "South America",
      "region_confidence": {
        "South America": 1.0
      },
      "region_entropy": -1.000088900581841e-12
    },
    "BR/SJRP/580/2012": {
      "country": "Brazil",
      "country_confidence": {
        "Brazil": 1.0
      },
      "country_entropy": -1.000088900581841e-12,
      "region": "South America",
      "region_confidence": {
        "South America": 1.0
      },
      "region_entropy": -1.000088900581841e-12
    },
    "BR/SJRP/610/2013": {
      "country": "Brazil",
      "country_confidence": {
        "Brazil": 1.0
      },
      "country_entropy": -1.000088900581841e-12,
      "region": "South America",
      "region_confidence": {
        "South America": 0.9999999999999999
      },
      "region_entropy": -9.99866855976916e-13
    },
    "BR/SJRP/614/2013": {
      "country": "Brazil",
      "country_confidence": {
        "Brazil": 1.0
      },
      "country_entropy": -1.000088900581841e-12,
      "region": "South America",
      "region_confidence": {
        "South America": 1.0
      },
      "region_entropy": -1.000088900581841e-12
    },
    "BR/SJRP/733/2013": {
      "country": "Brazil",
      "country_confidence": {
        "Brazil": 1.0
      },
      "country_entropy": -1.000088900581841e-12,
      "region": "South America",
      "region_confidence": {
        "South America": 1.0
      },
      "region_entropy": -1.000088900581841e-12
    },
    "BR/SJRP/850/2013": {
      "country": "Brazil",
      "country_confidence": {
        "Brazil": 1.0
      },
      "country_entropy": -1.000088900581841e-12,
      "region": "South America",
      "region_confidence": {
        "South America": 1.0
      },
      "region_entropy": -1.000088900581841e-12
    },
    "BR005AM_2011": {
      "country": "Brazil",
      "country_confidence": {
        "Brazil": 1.0
      },
      "country_entropy": -1.000088900581841e-12,
      "region": "South America",
      "region_confidence": {
        "South America": 0.9999999999999999
      },
      "region_entropy": -9.99866855976916e-13
    },
    "Br246RR/10": {
      "country": "Brazil",
      "country_confidence": {
        "Brazil": 1.0
      },
      "country_entropy": -1.000088900581841e-12,
      "region": "South America",
      "region_confidence": {
        "South America": 0.9999999999999999
      },
      "region_entropy": -9.99866855976916e-13
    },
    "CNR_16861": {
      "country": "Malaysia",
      "country_confidence": {
        "Malaysia": 1.0
      },
      "country_entropy": -1.000088900581841e-12,
      "region": "Southeast Asia",
      "region_confidence": {
        "Southeast Asia": 1.0
      },
      "region_entropy": -1.000088900581841e-12
    },
    "CTI2_13": {
      "country": "Thailand",
      "country_confidence": {
        "Thailand": 0.9999999999999999
      },
      "country_entropy": -9.99866855976916e-13,
      "region": "Southeast Asia",
      "region_confidence": {
        "Southeast Asia": 1.0
      },
      "region_entropy": -1.000088900581841e-12
    },
    "D4/Hu/India/NIID48/2009": {
      "country": "Japan",
      "country_confidence": {
        "Japan": 1.0
      },
      "country_entropy": -1.000088900581841e-12,
      "region": "Japan Korea",
      "region_confidence": {
        "Japan Korea": 1.0
      },
      "region_entropy": -1.000088900581841e-12
    },
    "D4/IND/PUNE/IRSHA_FG_01_1028_": {
      "country": "India",
      "country_confidence": {
        "India": 1.0
      },
      "country_entropy": -1.000088900581841e-12,
      "region": "South Asia",
      "region_confidence": {
        "South Asia": 1.0
      },
      "region_entropy": -1.000088900581841e-12
    },
    "D4/IND/PUNE/IRSHA_FG_03_S_49_": {
      "country": "India",
      "country_confidence": {
        "India": 1.0
      },
      "country_entropy": -1.000088900581841e-12,
      "region": "South Asia",
      "region_confidence": {
        "South Asia": 1.0
      },
      "region_entropy": -1.000088900581841e-12
    },
    "D4/Pakistan/150/2009": {
      "country": "Pakistan",
      "country_confidence": {
        "Pakistan": 1.0
      },
      "country_entropy": -1.000088900581841e-12,
      "region": "West Asia",
      "region_confidence": {
        "West Asia": 1.0
      },
      "region_entropy": -1.000088900581841e-12
    },
    "D4/Philippines/0310aTw": {
      "country": "Philippines",
      "country_confidence": {
        "Philippines": 1.0
      },
      "country_entropy": -1.000088900581841e-12,
      "region": "Southeast Asia",
      "region_confidence": {
        "Southeast Asia": 1.0
      },
      "region_entropy": -1.000088900581841e-12
    },
    "DENV4/CN/GZ29/2010": {
      "country": "China",
      "country_confidence": {
        "China": 1.0
      },
      "country_entropy": -1.000088900581841e-12,
      "region": "China",
      "region_confidence": {
        "China": 0.9999999999999999
      },
      "region_entropy": -9.99866855976916e-13
    },
    "DENV4_002": {
      "country": "Vietnam",
      "country_confidence": {
        "Vietnam": 1.0
      },
      "country_entropy": -1.000088900581841e-12,
      "region": "Southeast Asia",
      "region_confidence": {
        "Southeast Asia": 1.0
      },
      "region_entropy": -1.000088900581841e-12
    },
    "DENV4_3274": {
      "country": "India",
      "country_confidence": {
        "India": 0.9999999999999999
      },
      "country_entropy": -9.99866855976916e-13,
      "region": "South Asia",
      "region_confidence": {
        "South Asia": 0.9999999999999999
      },
      "region_entropy": -9.99866855976916e-13
    },
    "DENV4_61120": {
      "country": "Indonesia",
      "country_confidence": {
        "Indonesia": 0.9999999999999999
      },
      "country_entropy": -9.99866855976916e-13,
      "region": "Southeast Asia",
      "region_confidence": {
        "Southeast Asia": 1.0
      },
      "region_entropy": -1.000088900581841e-12
    },
    "DENV_4/CO/BID_V1600/1997": {
      "country": "Colombia",
      "country_confidence": {
        "Colombia": 1.0
      },
      "country_entropy": -1.000088900581841e-12,
      "region": "South America",
      "region_confidence": {
        "South America": 0.9999999999999999
      },
      "region_entropy": -9.99866855976916e-13
    },
    "DENV_4/CO/BID_V3406/2001": {
      "country": "Colombia",
      "country_confidence": {
        "Colombia": 1.0
      },
      "country_entropy": -1.000088900581841e-12,
      "region": "South America",
      "region_confidence": {
        "South America": 1.0
      },
      "region_entropy": -1.000088900581841e-12
    },
    "DENV_4/CO/BID_V3407/2001": {
      "country": "Colombia",
      "country_confidence": {
        "Colombia": 1.0
      },
      "country_entropy": -1.000088900581841e-12,
      "region": "South America",
      "region_confidence": {
        "South America": 0.9999999999999999
      },
      "region_entropy": -9.99866855976916e-13
    },
    "DENV_4/CO/BID_V3408/2001": {
      "country": "Colombia",
      "country_confidence": {
        "Colombia": 1.0
      },
      "country_entropy": -1.000088900581841e-12,
      "region": "South America",
      "region_confidence": {
        "South America": 0.9999999999999999
      },
      "region_entropy": -9.99866855976916e-13
    },
    "DENV_4/CO/BID_V3409/2001": {
      "country": "Colombia",
      "country_confidence": {
        "Colombia": 1.0
      },
      "country_entropy": -1.000088900581841e-12,
      "region": "South America",
      "region_confidence": {
        "South America": 0.9999999999999999
      },
      "region_entropy": -9.99866855976916e-13
    },
    "DENV_4/CO/BID_V3410/2004": {
      "country": "Colombia",
      "country_confidence": {
        "Colombia": 1.0
      },
      "country_entropy": -1.000088900581841e-12,
      "region": "South America",
      "region_confidence": {
        "South America": 1.0
      },
      "region_entropy": -1.000088900581841e-12
    },
    "DENV_4/CO/BID_V3411/2004": {
      "country": "Colombia",
      "country_confidence": {
        "Colombia": 1.0
      },
      "country_entropy": -1.000088900581841e-12,
      "region": "South America",
      "region_confidence": {
        "South America": 1.0
      },
      "region_entropy": -1.000088900581841e-12
    },
    "DENV_4/CO/BID_V3412/2005": {
      "country": "Colombia",
      "country_confidence": {
        "Colombia": 1.0
      },
      "country_entropy": -1.000088900581841e-12,
      "region": "South America",
      "region_confidence": {
        "South America": 1.0
      },
      "region_entropy": -1.000088900581841e-12
    },
    "DENV_4/China/YN/15DGR32_2015_": {
      "country": "China",
      "country_confidence": {
        "China": 1.0
      },
      "country_entropy": -1.000088900581841e-12,
      "region": "China",
      "region_confidence": {
        "China": 0.9999999999999999
      },
      "region_entropy": -9.99866855976916e-13
    },
    "DENV_4/China/YN/15DGR35_2015_": {
      "country": "China",
      "country_confidence": {
        "China": 1.0
      },
      "country_entropy": -1.000088900581841e-12,
      "region": "China",
      "region_confidence": {
        "China": 1.0
      },
      "region_entropy": -1.000088900581841e-12
    },
    "DENV_4/China/YN/15DGR394_2015_": {
      "country": "China",
      "country_confidence": {
        "China": 1.0
      },
      "country_entropy": -1.000088900581841e-12,
      "region": "China",
      "region_confidence": {
        "China": 1.0
      },
      "region_entropy": -1.000088900581841e-12
    },
    "DENV_4/China/YN/15DGR50_2015_": {
      "country": "China",
      "country_confidence": {
        "China": 1.0
      },
      "country_entropy": -1.000088900581841e-12,
      "region": "China",
      "region_confidence": {
        "China": 1.0
      },
      "region_entropy": -1.000088900581841e-12
    },
    "DENV_4/China/YN/15DGR9_2015_": {
      "country": "China",
      "country_confidence": {
        "China": 1.0
      },
      "country_entropy": -1.000088900581841e-12,
      "region": "China",
      "region_confidence": {
        "China": 1.0
      },
      "region_entropy": -1.000088900581841e-12
    },
    "DENV_4/IND/0952326/2009": {
      "country": "India",
      "country_confidence": {
        "India": 1.0
      },
      "country_entropy": -1.000088900581841e-12,
      "region": "South Asia",
      "region_confidence": {
        "South Asia": 1.0
      },
      "region_entropy": -1.000088900581841e-12
    },
    "DENV_4/IND/793679/1979": {
      "country": "India",
      "country_confidence": {
        "India": 1.0
      },
      "country_entropy": -1.000088900581841e-12,
      "region": "South Asia",
      "region_confidence": {
        "South Asia": 1.0
      },
      "region_entropy": -1.000088900581841e-12
    },
    "DENV_4/KH/BID_V2055/2002": {
      "country": "Cambodia",
      "country_confidence": {
        "Cambodia": 1.0
      },
      "country_entropy": -1.000088900581841e-12,
      "region": "Southeast Asia",
      "region_confidence": {
        "Southeast Asia": 1.0
      },
      "region_entropy": -1.000088900581841e-12
    },
    "DENV_4/KH/BID_V2056/2005": {
      "country": "Cambodia",
      "country_confidence": {
        "Cambodia": 1.0
      },
      "country_entropy": -1.000088900581841e-12,
      "region": "Southeast Asia",
      "region_confidence": {
        "Southeast Asia": 1.0
      },
      "region_entropy": -1.000088900581841e-12
    },
    "DENV_4/KH/BID_V2057/2007": {
      "country": "Cambodia",
      "country_confidence": {
        "Cambodia": 1.0
      },
      "country_entropy": -1.000088900581841e-12,
      "region": "Southeast Asia",
      "region_confidence": {
        "Southeast Asia": 1.0
      },
      "region_entropy": -1.000088900581841e-12
    },
    "DENV_4/KH/BID_V2058/2008": {
      "country": "Cambodia",
      "country_confidence": {
        "Cambodia": 1.0
      },
      "country_entropy": -1.000088900581841e-12,
      "region": "Southeast Asia",
      "region_confidence": {
        "Southeast Asia": 1.0
      },
      "region_entropy": -1.000088900581841e-12
    },
    "DENV_4/KH/BID_V3811/2008": {
      "country": "Cambodia",
      "country_confidence": {
        "Cambodia": 1.0
      },
      "country_entropy": -1.000088900581841e-12,
      "region": "Southeast Asia",
      "region_confidence": {
        "Southeast Asia": 1.0
      },
      "region_entropy": -1.000088900581841e-12
    },
    "DENV_4/KH/BID_V3814/2001": {
      "country": "Cambodia",
      "country_confidence": {
        "Cambodia": 1.0
      },
      "country_entropy": -1.000088900581841e-12,
      "region": "Southeast Asia",
      "region_confidence": {
        "Southeast Asia": 1.0
      },
      "region_entropy": -1.000088900581841e-12
    },
    "DENV_4/KH/BID_V3835/2007": {
      "country": "Cambodia",
      "country_confidence": {
        "Cambodia": 1.0
      },
      "country_entropy": -1.000088900581841e-12,
      "region": "Southeast Asia",
      "region_confidence": {
        "Southeast Asia": 1.0
      },
      "region_entropy": -1.000088900581841e-12
    },
    "DENV_4/KH/BID_V3836/2007": {
      "country": "Cambodia",
      "country_confidence": {
        "Cambodia": 1.0
      },
      "country_entropy": -1.000088900581841e-12,
      "region": "Southeast Asia",
      "region_confidence": {
        "Southeast Asia": 0.9999999999999999
      },
      "region_entropy": -9.99866855976916e-13
    },
    "DENV_4/KH/BID_V4317/2007": {
      "country": "Cambodia",
      "country_confidence": {
        "Cambodia": 1.0
      },
      "country_entropy": -1.000088900581841e-12,
      "region": "Southeast Asia",
      "region_confidence": {
        "Southeast Asia": 1.0
      },
      "region_entropy": -1.000088900581841e-12
    },
    "DENV_4/KH/BID_V4318/2007": {
      "country": "Cambodia",
      "country_confidence": {
        "Cambodia": 1.0
      },
      "country_entropy": -1.000088900581841e-12,
      "region": "Southeast Asia",
      "region_confidence": {
        "Southeast Asia": 1.0
      },
      "region_entropy": -1.000088900581841e-12
    },
    "DENV_4/KH/BID_V4322/2008": {
      "country": "Cambodia",
      "country_confidence": {
        "Cambodia": 1.0
      },
      "country_entropy": -1.000088900581841e-12,
      "region": "Southeast Asia",
      "region_confidence": {
        "Southeast Asia": 0.9999999999999999
      },
      "region_entropy": -9.99866855976916e-13
    },
    "DENV_4/KH/BID_V4323/2008": {
      "country": "Cambodia",
      "country_confidence": {
        "Cambodia": 1.0
      },
      "country_entropy": -1.000088900581841e-12,
      "region": "Southeast Asia",
      "region_confidence": {
        "Southeast Asia": 0.9999999999999999
      },
      "region_entropy": -9.99866855976916e-13
    },
    "DENV_4/MT/BR12_TVP17898/2012": {
      "country": "Brazil",
      "country_confidence": {
        "Brazil": 1.0
      },
      "country_entropy": -1.000088900581841e-12,
      "region": "South America",
      "region_confidence": {
        "South America": 1.0
      },
      "region_entropy": -1.000088900581841e-12
    },
    "DENV_4/MT/BR20_TVP17906/2012": {
      "country": "Brazil",
      "country_confidence": {
        "Brazil": 1.0
      },
      "country_entropy": -1.000088900581841e-12,
      "region": "South America",
      "region_confidence": {
        "South America": 0.9999999999999999
      },
      "region_entropy": -9.99866855976916e-13
    },
    "DENV_4/MT/BR23_TVP17909/2012": {
      "country": "Brazil",
      "country_confidence": {
        "Brazil": 1.0
      },
      "country_entropy": -1.000088900581841e-12,
      "region": "South America",
      "region_confidence": {
        "South America": 1.0
      },
      "region_entropy": -1.000088900581841e-12
    },
    "DENV_4/MT/BR24_TVP17910/2012": {
      "country": "Brazil",
      "country_confidence": {
        "Brazil": 1.0
      },
      "country_entropy": -1.000088900581841e-12,
      "region": "South America",
      "region_confidence": {
        "South America": 1.0
      },
      "region_entropy": -1.000088900581841e-12
    },
    "DENV_4/MT/BR27_TVP17913/2012": {
      "country": "Brazil",
      "country_confidence": {
        "Brazil": 1.0
      },
      "country_entropy": -1.000088900581841e-12,
      "region": "South America",
      "region_confidence": {
        "South America": 1.0
      },
      "region_entropy": -1.000088900581841e-12
    },
    "DENV_4/MT/BR28_TVP17914/2012": {
      "country": "Brazil",
      "country_confidence": {
        "Brazil": 1.0
      },
      "country_entropy": -1.000088900581841e-12,
      "region": "South America",
      "region_confidence": {
        "South America": 1.0
      },
      "region_entropy": -1.000088900581841e-12
    },
    "DENV_4/MT/BR2_TVP17888/2012": {
      "country": "Brazil",
      "country_confidence": {
        "Brazil": 1.0
      },
      "country_entropy": -1.000088900581841e-12,
      "region": "South America",
      "region_confidence": {
        "South America": 1.0
      },
      "region_entropy": -1.000088900581841e-12
    },
    "DENV_4/MT/BR33_TVP17919/2012": {
      "country": "Brazil",
      "country_confidence": {
        "Brazil": 0.9999999999999999
      },
      "country_entropy": -9.99866855976916e-13,
      "region": "South America",
      "region_confidence": {
