{
  "generated_by": {
    "program": "augur",
    "version": "6.4.1"
  },
  "models": {
    "country": {
      "alphabet": [
        "Anguilla",
        "Australia",
        "Bangladesh",
        "Barbados",
        "Bolivia",
        "Brazil",
        "Cambodia",
        "China",
        "Colombia",
        "Cook Islands",
        "Cuba",
        "Ecuador",
        "French Polynesia",
        "Grenada",
        "Guyana",
        "India",
        "Indonesia",
        "Laos",
        "Malaysia",
        "Martinique",
        "Mexico",
        "Mozambique",
        "New Caledonia",
        "Nicaragua",
        "Pakistan",
        "Paraguay",
        "Peru",
        "Philippines",
        "Puerto Rico",
        "Saint Lucia",
        "Senegal",
        "Singapore",
        "Sri Lanka",
        "Taiwan",
        "Thailand",
        "Trinidad And Tobago",
        "USA",
        "Venezuela",
        "Vietnam",
        "Wallis And Futuna",
        "?"
      ],
      "equilibrium_probabilities": [
        0.024846845921609212,
        0.0249982173682173,
        0.02510646501393914,
        0.025190965467463973,
        0.024848797000259756,
        0.023639079132248962,
        0.02600175991633729,
        0.027585783560943242,
        0.024005447081336048,
        0.025573634646104407,
        0.025109656340878653,
        0.024851562090191428,
        0.025483666483445095,
        0.024860760288168988,
        0.024939439163757626,
        0.024947009590869706,
        0.025931284651066814,
        0.02481746289335521,
        0.025214384134389794,
        0.024502680165308446,
        0.024953971255495585,
        0.025130065411553968,
        0.026202230635886226,
        0.024364853633157508,
        0.02512754877385045,
        0.02412671469374252,
        0.025972185512,
        0.025334144838673404,
        0.02279628509404634,
        0.024859668062198602,
        0.025404884244068678,
        0.02526153436684909,
        0.02429825528267565,
        0.025584860059898167,
        0.024592598985097566,
        0.02487138550931291,
        0.024910770459515483,
        0.021890305004845578,
        0.025158011041630006,
        0.02670482622561139
      ],
      "rate": 118.97631636432781,
      "transition_matrix": [
        [
          0.0,
          0.9746086505751459,
          0.9744569242410382,
          0.976074373800963,
          0.9746192943679798,
          1.4351288725885014,
          0.9730123825929881,
          0.9738854161631136,
          0.9740564562282176,
          0.9746242281978986,
          0.9744714829859328,
          0.9748718639084175,
          0.9742837573875733,
          0.975555869851046,
          0.9781829424016985,
          0.9760103641222013,
          0.9755012931642796,
          0.9744451111631944,
          0.9750679369383459,
          0.9748136257487144,
          0.9744926425216495,
          0.9747648121383008,
          0.974549019645492,
          0.9725570739202307,
          0.9743964048572209,
          0.9745675235650736,
          0.9738731895796541,
          0.9745977030776444,
          0.9745800366110803,
          0.9862558378652194,
          0.9746180399239314,
          0.9739817025493054,
          0.9758811656020197,
          0.9744522592813727,
          0.9743805318041241,
          0.9757231412468735,
          0.9892803493238568,
          0.9758368375587044,
          0.9734758378065559,
          0.9746539898253669
        ],
        [
          0.9746086505751459,
          0.0,
          0.9744513018763836,
          0.9747112352906212,
          0.9745879462687032,
          0.9723261854903393,
          0.972982099334893,
          0.973905571152905,
          0.9740189179323968,
          0.9745972183323557,
          0.9744229852923558,
          0.9748151458452567,
          0.9742551568735163,
          0.9745938851627767,
          0.9747289669486924,
          0.9764376070154093,
          0.9759985049414684,
          0.9744283368605506,
          0.9750455235151964,
          0.974715325052102,
          0.9744640597807187,
          0.9747392085020211,
          0.9745208924456897,
          0.9724500338221342,
          0.9743691957423394,
          0.9745112093721839,
          0.9738245766187366,
          0.974573621955055,
          0.9745189969955128,
          0.9745936458096809,
          0.9745911777340582,
          0.9739564314859777,
          0.9762360163350383,
          0.9744303934545586,
          1.4616106483426656,
          0.9745748308233602,
          0.9716520348695794,
          0.972147451813233,
          0.973446000333974,
          0.9746259591753298
        ],
        [
          0.9744569242410382,
          0.9744513018763836,
          0.0,
          0.9745577793167383,
          0.9744361307221286,
          0.9721725601849891,
          0.972835846471248,
          0.9737911691292037,
          0.9738700822816999,
          0.9744410079976183,
          0.9742688969239799,
          0.974664136995585,
          0.9740981343024422,
          0.9744420088936577,
          0.9745771289993085,
          0.9763160960138222,
          0.9758860049196684,
          0.9764447619524186,
          0.9748932239348004,
          0.9745660451658004,
          0.9743110809413612,
          0.9745861585938972,
          0.9743605153394373,
          0.9722919407856271,
          0.9742148873848743,
          0.9743635233834304,
          0.9736627137403344,
          0.9744188240004888,
          0.9743795385242204,
          0.9744417778690987,
          0.9744360445718162,
          0.9738206776220933,
          0.9760998438965611,
          0.9742948225901333,
          1.465220950885368,
          0.9744228133593582,
          0.9714881086169852,
          0.9720040457529462,
          0.9733085660375915,
          0.974462941447435
        ],
        [
          0.976074373800963,
          0.9747112352906212,
          0.9745577793167383,
          0.0,
          0.9747828171143779,
          1.26466425430944,
          0.9730963056762607,
          0.9739883737944914,
          0.9741420275248855,
          0.9747293970180799,
          0.974567233323358,
          0.9749718114917847,
          0.9743836467927326,
          0.9761111391142118,
          1.2001937933703808,
          0.9761293355738958,
          0.9756181033694562,
          0.9745446393538775,
          0.9751772679799757,
          0.974937201531975,
          0.9745927649077102,
          0.9748691328372947,
          0.974655600364046,
          0.9726409179089368,
          0.9744965070826572,
          0.9749620621002025,
          0.9739652000643729,
          0.9747014754903396,
          0.9746485573554993,
          0.9788627862213339,
          0.9747224543833636,
          0.9740763455992607,
          0.9759962074602677,
          0.9745550970419282,
          0.9744759979187081,
          0.9763888263418526,
          0.9734033679978811,
          0.9727110241444685,
          0.9735628592046742,
          0.974764150925029
        ],
        [
          0.9746192943679798,
          0.9745879462687032,
          0.9744361307221286,
          0.9747828171143779,
          0.0,
          1.4585181047359008,
          0.9729908678720065,
          0.9738625590012394,
          0.9740288681968325,
          0.9746030480878928,
          0.9744488543159715,
          0.9748500671051253,
          0.9742626590744115,
          0.9746026492999342,
          0.9748030815680498,
          0.9759897502423796,
          0.9754799049124147,
          0.9744245544120732,
          0.9750470770273844,
          0.9747843450646058,
          0.9744719166252249,
          0.9747439940700846,
          0.9745273265431739,
          0.9725096626832591,
          0.9743755936028301,
          0.9745191001012713,
          0.9738512625329517,
          0.9745767230536136,
          0.9745246859399036,
          0.9746062756364027,
          0.9745969963439882,
          0.9739607849010379,
          0.9758608084589919,
          0.9744310605802773,
          0.9743602485511782,
          0.9745840309125345,
          0.9717462241126601,
          0.9722127039588812,
          0.973455018117069,
          0.9746318781599201
        ],
        [
          1.4351288725885014,
          0.9723261854903393,
          0.9721725601849891,
          1.26466425430944,
          1.4585181047359008,
          0.0,
          0.9707219802470567,
          0.9714080848492841,
          0.9740872630250844,
          0.9722884669430067,
          1.0015801674004619,
          1.0311657190913708,
          0.9719737737497192,
          1.4508607632823671,
          1.4050594107379875,
          0.9743578728265041,
          0.9730946991777337,
          0.9721877156170057,
          0.9727455340213016,
          1.340739506272912,
          0.9764851230971042,
          0.9730991271492373,
          0.9721599394095072,
          1.3639699646413153,
          0.9721143166027733,
          3.4106301367277685,
          0.9928522104000373,
          0.9722852227396176,
          0.9730178962748662,
          1.4442446537361775,
          0.972298016391559,
          0.971711468519353,
          0.9760952633456165,
          0.9721266995772323,
          0.9721542963671713,
          1.4522664992907572,
          1.8056407507445291,
          2.155846738171594,
          0.9712379129040676,
          0.9722136367942165
        ],
        [
          0.9730123825929881,
          0.972982099334893,
          0.972835846471248,
          0.9730963056762607,
          0.9729908678720065,
          0.9707219802470567,
          0.0,
          1.4587834824410209,
          0.9724550892321765,
          0.9729539715656326,
          0.972802453600936,
          0.9732253954504637,
          0.9726049533968116,
          0.9729962118332742,
          0.9731308010104442,
          0.9750249248869444,
          0.9743920742835984,
          0.9728318668931291,
          0.9734415084443022,
          0.9731447251017639,
          0.9728556262053594,
          0.9731293550104116,
          0.9728343985526502,
          0.9708043171858584,
          0.972746959085177,
          0.9729577212415482,
          0.9721268344863442,
          0.972944871212265,
          0.9730512232992825,
          0.9729959744892204,
          0.9729613098006855,
          0.9723474406819828,
          0.974736641019568,
          0.9752887393656274,
          1.466864293866265,
          0.972975770850568,
          0.9699429215615086,
          0.9706490824204372,
          1.4606803040773835,
          0.9729110933234684
        ],
        [
          0.9738854161631136,
          0.973905571152905,
          0.9737911691292037,
          0.9739883737944914,
          0.9738625590012394,
          0.9714080848492841,
          1.4587834824410209,
          0.0,
          0.9732611585938005,
          0.9738516656047616,
          0.973673583957768,
          0.974112613338052,
          0.9734798761423115,
          0.9738686794362044,
          0.9740153308475891,
          1.9506907272157354,
          0.9774899159565803,
          1.4625772018331151,
          0.974899143347627,
          0.9740124630077065,
          0.9737240067357059,
          0.9741637292190691,
          0.9737492297864763,
          0.9717558371972301,
          1.4606783024089864,
          0.973799223908493,
          0.972988299601192,
          0.9738419444481748,
          0.9738471002931706,
          0.9738684997247071,
          1.4614243704611896,
          2.27684487984191,
          0.9782210983130813,
          0.9737748906739936,
          1.895695480561826,
          0.9738473818351452,
          0.9706385627300966,
          0.97126323553925,
          0.9726563619400762,
          0.9738504346839486
        ],
        [
          0.9740564562282176,
          0.9740189179323968,
          0.9738700822816999,
          0.9741420275248855,
          0.9740288681968325,
          0.9740872630250844,
          0.9724550892321765,
          0.9732611585938005,
          0.0,
          0.9740203612312822,
          0.9747736682380591,
          0.9759305792770402,
          0.9736939660291346,
          0.9740354960979003,
          0.9741667762972864,
          0.975440887244796,
          0.9748685464505377,
          0.9738654598081466,
          0.9744600151130038,
          0.9741654260245541,
          0.9739225806156876,
          0.9741949032777695,
          0.9739332196657224,
          1.0531581612714866,
          0.9738110917002172,
          0.9739756122865735,
          0.9739692204991444,
          0.9740005408373669,
          0.9740346475665652,
          0.9740412686903768,
          0.9740183868639718,
          0.9734083686906904,
          0.9752996194647667,
          0.9738543431650681,
          0.9738183605140467,
          0.9740171667303514,
          0.9890869418839447,
          4.320079384616962,
          0.9729221255163945,
          0.9740226426843539
        ],
        [
          0.9746242281978986,
          0.9745972183323557,
          0.9744410079976183,
          0.9747293970180799,
          0.9746030480878928,
          0.9722884669430067,
          0.9729539715656326,
          0.9738516656047616,
          0.9740203612312822,
          0.0,
          0.9744344421688923,
          0.9748354829192031,
          1.4613962456181948,
          0.9746091321102194,
          0.9747473781147079,
          0.976040530205978,
          0.9755221022774716,
          0.9744289798161929,
          0.9750697543467991,
          0.9747331398639948,
          0.9744763659722827,
          0.974756983718147,
          0.9745595704370933,
          0.9724146942371154,
          0.9743787178617793,
          0.9745240830685586,
          0.9738227999491498,
          0.974585857895244,
          0.9745312046957514,
          0.974608885646444,
          0.9746066945776957,
          0.9739518422983287,
          0.975906382675821,
          0.9744359836300345,
          0.9743643296729487,
          0.9745896450066087,
          0.9715996274525537,
          0.9721045215143311,
          0.9734313024782918,
          0.9746671248195725
        ],
        [
          0.9744714829859328,
          0.9744229852923558,
          0.9742688969239799,
          0.974567233323358,
          0.9744488543159715,
          1.0015801674004619,
          0.972802453600936,
          0.973673583957768,
          0.9747736682380591,
          0.9744344421688923,
          0.0,
          1.2036342430581735,
          0.9740909627952928,
          0.9744549997997645,
          0.9745923281428832,
          0.9758824621635828,
          0.9753199297282708,
          0.9742591277805479,
          0.9748860896866121,
          0.974589070189859,
          0.9744183967824164,
          0.9746063299241755,
          0.9743537551991136,
          1.022222343006663,
          0.9742075908993614,
          0.9744501804864354,
          1.337036794447798,
          0.9744094290469315,
          0.9744137422588112,
          0.9744562837080537,
          0.9744294892371501,
          0.9737877390179723,
          0.9757772171069546,
          0.9742608395913988,
          0.9741973261897172,
          0.9744358721550989,
          0.9819437482947818,
          1.593407064271443,
          0.9732769645499683,
          0.9744561217576085
        ],
        [
          0.9748718639084175,
          0.9748151458452567,
          0.974664136995585,
          0.9749718114917847,
          0.9748500671051253,
          1.0311657190913708,
          0.9732253954504637,
          0.974112613338052,
          0.9759305792770402,
          0.9748354829192031,
          1.2036342430581735,
          0.0,
          0.9744938454228433,
          0.974856333935674,
          0.9749957670093427,
          0.9762872817691366,
          0.975713946914071,
          0.9746499665870922,
          0.9752760105736606,
          0.9749932076249586,
          0.9749154223011891,
          0.9750205191765852,
          0.9747652440508923,
          1.06700153703705,
          0.9746038069625205,
          0.9748851165061082,
          1.155274883007766,
          0.9748069118191088,
          0.9747827382941008,
          0.9748571273922967,
          0.9748279312562655,
          0.9741897786780196,
          0.976194788351182,
          0.974663669243973,
          0.9745810819350802,
          0.9748375551000502,
          0.9926685380090342,
          1.1944150556058664,
          0.9736823596781642,
          0.9748744945180938
        ],
        [
          0.9742837573875733,
          0.9742551568735163,
          0.9740981343024422,
          0.9743836467927326,
          0.9742626590744115,
          0.9719737737497192,
          0.9726049533968116,
          0.9734798761423115,
          0.9736939660291346,
          1.4613962456181948,
          0.9740909627952928,
          0.9744938454228433,
          0.0,
          0.9742685388117014,
          0.9744049958194042,
          0.9762200883866323,
          1.462802740926947,
          0.9740900986473223,
          0.9747237278087932,
          0.9743968055859997,
          0.9741350402686828,
          0.9744131266329552,
          1.7900288366165888,
          0.9720903505368667,
          0.9740364432020094,
          0.9741939386078966,
          0.9734700025729757,
          0.9742645502817227,
          0.9742192946681204,
          0.9742682941949277,
          0.9742586808034586,
          0.9736109135720771,
          0.9760685167092308,
          0.974087608498204,
          0.9746689263217353,
          0.9742489849654745,
          0.9712705840756524,
          0.9718146363662736,
          0.9730918304550219,
          1.7891725554947606
        ],
        [
          0.975555869851046,
          0.9745938851627767,
          0.9744420088936577,
          0.9761111391142118,
          0.9746026492999342,
          1.4508607632823671,
          0.9729962118332742,
          0.9738686794362044,
          0.9740354960979003,
          0.9746091321102194,
          0.9744549997997645,
          0.974856333935674,
          0.9742685388117014,
          0.0,
          0.978244194702408,
          0.9759954329714704,
          0.9754858050606173,
          0.9744303621106498,
          0.975053089974819,
          0.974793196038371,
          0.9744777793718609,
          0.97474996642929,
          0.9745334993971811,
          0.9725187536859651,
          0.9743814532448408,
          0.9745418268615563,
          0.9738570748372092,
          0.9745827273489229,
          0.9745368843892637,
          0.9774083141187021,
          0.9746030377418663,
          0.9739664212175486,
          0.9758665910632957,
          0.9744370524428873,
          0.9743652756390583,
          0.9815134223612932,
          0.972802834036308,
          0.9724363166665987,
          0.9734604012871554,
          0.9746382261327725
        ],
        [
          0.9781829424016985,
          0.9747289669486924,
          0.9745771289993085,
          1.2001937933703808,
          0.9748030815680498,
          1.4050594107379875,
          0.9731308010104442,
          0.9740153308475891,
          0.9741667762972864,
          0.9747473781147079,
          0.9745923281428832,
          0.9749957670093427,
          0.9744049958194042,
          0.978244194702408,
          0.0,
          0.976134570478339,
          0.9756284684839654,
          0.9745639000433716,
          0.9751908172871891,
          0.9749736272535279,
          0.9746120388941433,
          0.9748856798235066,
          0.9746748071809973,
          0.9726980012704558,
          0.9745164698908404,
          0.9749947496204195,
          0.9739957451311893,
          0.9747195655240887,
          0.9746749291441666,
          0.9841475791526966,
          0.9747403816550578,
          0.9741006366735128,
          0.9760022830494604,
          0.9745748409201205,
          0.974496682632042,
          0.9787936201768856,
          0.9756229759941596,
          0.9731997118407902,
          0.9735921013374865,
          0.9747826567179926
        ],
        [
          0.9760103641222013,
          0.9764376070154093,
          0.9763160960138222,
          0.9761293355738958,
          0.9759897502423796,
          0.9743578728265041,
          0.9750249248869444,
          1.9506907272157354,
          0.975440887244796,
          0.976040530205978,
          0.9758824621635828,
          0.9762872817691366,
          0.9762200883866323,
          0.9759954329714704,
          0.976134570478339,
          0.0,
          1.1398697346638995,
          0.9763920651272354,
          1.265481683130851,
          0.9760927093513535,
          0.9762404190207838,
          1.0530015139236006,
          0.9759995318088175,
          1.0786256814970085,
          1.4641634863741597,
          0.9758787499868463,
          0.9753129696167034,
          0.9767647109580445,
          0.9758506674676843,
          0.9759960034907174,
          0.9782976322238225,
          1.3829826984607738,
          2.03480767836437,
          0.9814129672558405,
          1.4634389436371233,
          0.975977045420436,
          0.9764649718262808,
          0.9738779576746827,
          0.9753145257472398,
          0.9761338349812504
        ],
        [
          0.9755012931642796,
          0.9759985049414684,
          0.9758860049196684,
          0.9756181033694562,
          0.9754799049124147,
          0.9730946991777337,
          0.9743920742835984,
          0.9774899159565803,
          0.9748685464505377,
          0.9755221022774716,
          0.9753199297282708,
          0.975713946914071,
          1.462802740926947,
          0.9754858050606173,
          0.9756284684839654,
          1.1398697346638995,
          0.0,
          0.9758423805857384,
          0.9769049234694167,
          0.9755937185003944,
          0.9753564563173976,
          0.976247151791946,
          0.9758805545169729,
          0.9737635286855768,
          0.9757788896232078,
          0.9753758054224075,
          0.9747200470391869,
          1.4646030174009224,
          0.9753416000160249,
          0.9754861127865558,
          0.9755126733359248,
          0.9765973365886423,
          1.116836112612751,
          0.9764846197393188,
          1.79464376155471,
          0.9754664465113848,
          0.972452060661405,
          0.9728652358318018,
          0.9748245029370605,
          0.9760080861104401
        ],
        [
          0.9744451111631944,
          0.9744283368605506,
          0.9764447619524186,
          0.9745446393538775,
          0.9744245544120732,
          0.9721877156170057,
          0.9728318668931291,
          1.4625772018331151,
          0.9738654598081466,
          0.9744289798161929,
          0.9742591277805479,
          0.9746499665870922,
          0.9740900986473223,
          0.9744303621106498,
          0.9745639000433716,
          0.9763920651272354,
          0.9758423805857384,
          0.0,
          0.9748772216019196,
          0.9745532068441031,
          0.9743009024376736,
          0.974573072744687,
          0.9743490829219804,
          0.9723060816325582,
          0.9742070546239893,
          0.9743531742492609,
          0.9736594997291962,
          0.9744072069850692,
          0.9743697099424155,
          0.974430133251779,
          0.9744274687630325,
          0.9738405386791007,
          0.9760722943380059,
          0.9742731407583184,
          1.4639252669624134,
          0.9744113822252379,
          0.9715104514115454,
          0.9720220092431436,
          0.9732986809988451,
          0.9744500493820692
        ],
        [
          0.9750679369383459,
          0.9750455235151964,
          0.9748932239348004,
          0.9751772679799757,
          0.9750470770273844,
          0.9727455340213016,
          0.9734415084443022,
          0.974899143347627,
          0.9744600151130038,
          0.9750697543467991,
          0.9748860896866121,
          0.9752760105736606,
          0.9747237278087932,
          0.975053089974819,
          0.9751908172871891,
          1.265481683130851,
          0.9769049234694167,
          0.9748772216019196,
          0.0,
          0.9751674947398383,
          0.9749252844613245,
          0.9755663518163997,
          0.9750039459782237,
          0.9732732205411155,
          0.9750516225626443,
          0.9749567338342358,
          0.9742951246182352,
          0.9750425345329461,
          0.97494165571376,
          0.9750530140205891,
          0.9750622785643215,
          0.9773733049249436,
          1.3100114424284877,
          0.9804621177638756,
          0.9758186916830893,
          0.9750340676296584,
          0.9720980494583314,
          0.9725375582660523,
          0.9739066101381212,
          0.9751194735675172
        ],
        [
          0.9748136257487144,
          0.974715325052102,
          0.9745660451658004,
          0.974937201531975,
          0.9747843450646058,
          1.340739506272912,
          0.9731447251017639,
          0.9740124630077065,
          0.9741654260245541,
          0.9747331398639948,
          0.974589070189859,
          0.9749932076249586,
          0.9743968055859997,
          0.974793196038371,
          0.9749736272535279,
          0.9760927093513535,
          0.9755937185003944,
          0.9745532068441031,
          0.9751674947398383,
          0.0,
          0.974602653420265,
          0.9748711107274401,
          0.9746614150827648,
          0.9731151060378188,
          0.974506496978592,
          0.9749559208873784,
          0.9740001208930434,
          0.974705873791202,
          0.9750978150840076,
          0.9747999127813577,
          0.9747263369411708,
          0.9740976210945053,
          0.9759672959571234,
          0.9745635417749342,
          0.9744826031346808,
          0.9747749813682736,
          1.246557730024077,
          0.9738187279242919,
          0.973598348288163,
          0.974767124699791
        ],
        [
          0.9744926425216495,
          0.9744640597807187,
          0.9743110809413612,
          0.9745927649077102,
          0.9744719166252249,
          0.9764851230971042,
          0.9728556262053594,
          0.9737240067357059,
          0.9739225806156876,
          0.9744763659722827,
          0.9744183967824164,
          0.9749154223011891,
          0.9741350402686828,
          0.9744777793718609,
          0.9746120388941433,
          0.9762404190207838,
          0.9753564563173976,
          0.9743009024376736,
          0.9749252844613245,
          0.974602653420265,
          0.0,
          0.9749453436283123,
          0.9743971793435227,
          1.436388044459043,
          0.9742507588531388,
          0.9744040910318491,
          0.9737798914957689,
          0.9744511179658818,
          0.974424664892462,
          0.9744776033152973,
          0.9744711304813347,
          0.9738349099387636,
          0.976996449005974,
          0.9743049739706335,
          0.9742388551985093,
          0.9744587154646236,
          0.9919583754928543,
          0.974068044871238,
          0.9733257922240068,
          0.9744996626036172
        ],
        [
          0.9747648121383008,
          0.9747392085020211,
          0.9745861585938972,
          0.9748691328372947,
          0.9747439940700846,
          0.9730991271492373,
          0.9731293550104116,
          0.9741637292190691,
          0.9741949032777695,
          0.974756983718147,
          0.9746063299241755,
          0.9750205191765852,
          0.9744131266329552,
          0.97474996642929,
          0.9748856798235066,
          1.0530015139236006,
          0.976247151791946,
          0.974573072744687,
          0.9755663518163997,
          0.9748711107274401,
          0.9749453436283123,
          0.0,
          0.9746838683711841,
          1.057004086201993,
          0.9745832999350827,
          0.9746656468649182,
          0.9740035658029909,
          0.9747316649236976,
          0.9746871925743278,
          0.9747497694762097,
          0.9747505051044394,
          0.9742577317988251,
          1.414971599997548,
          0.9746635064894398,
          0.9750661582144281,
          0.9747308707152395,
          0.9749526800736993,
          0.9726694187990724,
          0.9735936181756314,
          0.9747927152762577
        ],
        [
          0.974549019645492,
          0.9745208924456897,
          0.9743605153394373,
          0.974655600364046,
          0.9745273265431739,
          0.9721599394095072,
          0.9728343985526502,
          0.9737492297864763,
          0.9739332196657224,
          0.9745595704370933,
          0.9743537551991136,
          0.9747652440508923,
          1.7900288366165888,
          0.9745334993971811,
          0.9746748071809973,
          0.9759995318088175,
          0.9758805545169729,
          0.9743490829219804,
          0.9750039459782237,
          0.9746614150827648,
          0.9743971793435227,
          0.9746838683711841,
          0.0,
          0.9722856752895112,
          0.9742966525068462,
          0.9744486730067584,
          0.9737243304247546,
          0.9745084127360376,
          0.9744601581855847,
          0.9745332590026468,
          0.9745293740309693,
          0.9738588566061079,
          0.9758645823016531,
          0.9743539477039262,
          0.9742838357850603,
          0.9745135047569363,
          0.9714506267749604,
          0.9719773653762778,
          0.9733259268214569,
          1.7938601515018948
        ],
        [
          0.9725570739202307,
          0.9724500338221342,
          0.9722919407856271,
          0.9726409179089368,
          0.9725096626832591,
          1.3639699646413153,
          0.9708043171858584,
          0.9717558371972301,
          1.0531581612714866,
          0.9724146942371154,
          1.022222343006663,
          1.06700153703705,
          0.9720903505368667,
          0.9725187536859651,
          0.9726980012704558,
          1.0786256814970085,
          0.9737635286855768,
          0.9723060816325582,
          0.9732732205411155,
          0.9731151060378188,
          1.436388044459043,
          1.057004086201993,
          0.9722856752895112,
          0.0,
          0.9723334428811242,
          0.9726636389948161,
          1.0119879205332216,
          0.972411333680365,
          0.9727491105631676,
          0.9725384267499134,
          0.9724240343145357,
          0.9720724335853379,
          1.325745566098185,
          0.9723769022091726,
          0.9727874670032141,
          0.9725001168352096,
          1.568547360369773,
          1.6497948049339628,
          0.9713291322511006,
          0.9723449591641472
        ],
        [
          0.9743964048572209,
          0.9743691957423394,
          0.9742148873848743,
          0.9744965070826572,
          0.9743755936028301,
          0.9721143166027733,
          0.972746959085177,
          1.4606783024089864,
          0.9738110917002172,
          0.9743787178617793,
          0.9742075908993614,
          0.9746038069625205,
          0.9740364432020094,
          0.9743814532448408,
          0.9745164698908404,
          1.4641634863741597,
          0.9757788896232078,
          0.9742070546239893,
          0.9750516225626443,
          0.974506496978592,
          0.9742507588531388,
          0.9745832999350827,
          0.9742966525068462,
          0.9723334428811242,
          0.0,
          0.9743046760390822,
          0.9735989781826965,
          0.9743568901144287,
          0.9743238864209574,
          0.9743812161777015,
          0.9743785570529756,
          0.973826562026186,
          0.9764107514120527,
          0.974213316655751,
          0.9747031175934456,
          0.9743622174318508,
          0.9714304172729832,
          0.971949201410006,
          0.9732226852098035,
          0.974397924630275
        ],
        [
          0.9745675235650736,
          0.9745112093721839,
          0.9743635233834304,
          0.9749620621002025,
          0.9745191001012713,
          3.4106301367277685,
          0.9729577212415482,
          0.973799223908493,
          0.9739756122865735,
          0.9745240830685586,
          0.9744501804864354,
          0.9748851165061082,
          0.9741939386078966,
          0.9745418268615563,
          0.9749947496204195,
          0.9758787499868463,
          0.9753758054224075,
          0.9743531742492609,
          0.9749567338342358,
          0.9749559208873784,
          0.9744040910318491,
          0.9746656468649182,
          0.9744486730067584,
          0.9726636389948161,
          0.9743046760390822,
          0.0,
          0.9738558748125127,
          0.974499291473183,
          0.9744567605411155,
          0.9745628258945661,
          0.9745187347219495,
          0.9739016912052879,
          0.9757595560856782,
          0.9743571286946893,
          0.9742930266435714,
          0.9745249711193249,
          0.9720504935666714,
          0.9724010432354816,
          0.9734109234378743,
          0.9745486051823438
        ],
        [
          0.9738731895796541,
          0.9738245766187366,
          0.9736627137403344,
          0.9739652000643729,
          0.9738512625329517,
          0.9928522104000373,
          0.9721268344863442,
          0.972988299601192,
          0.9739692204991444,
          0.9738227999491498,
          1.337036794447798,
          1.155274883007766,
          0.9734700025729757,
          0.9738570748372092,
          0.9739957451311893,
          0.9753129696167034,
          0.9747200470391869,
          0.9736594997291962,
          0.9742951246182352,
          0.9740001208930434,
          0.9737798914957689,
          0.9740035658029909,
          0.9737243304247546,
          1.0119879205332216,
          0.9735989781826965,
          0.9738558748125127,
          0.0,
          0.9738025194791687,
          0.9738623739431291,
          0.9738572532942452,
          0.9738216583493841,
          0.9731615085104287,
          0.975209565069415,
          0.9736429873710906,
          0.9735922100577507,
          0.9738370186820865,
          0.9795967716223273,
          1.060942487950084,
          0.9726368980667764,
          0.9738181894239143
        ],
        [
          0.9745977030776444,
          0.974573621955055,
          0.9744188240004888,
          0.9747014754903396,
          0.9745767230536136,
          0.9722852227396176,
          0.972944871212265,
          0.9738419444481748,
          0.9740005408373669,
          0.974585857895244,
          0.9744094290469315,
          0.9748069118191088,
          0.9742645502817227,
          0.9745827273489229,
          0.9747195655240887,
          0.9767647109580445,
          1.4646030174009224,
          0.9744072069850692,
          0.9750425345329461,
          0.974705873791202,
          0.9744511179658818,
          0.9747316649236976,
          0.9745084127360376,
          0.972411333680365,
          0.9743568901144287,
          0.974499291473183,
          0.9738025194791687,
          0.0,
          0.9745078286734347,
          0.9745824900514182,
          0.9745798152258264,
          0.973939711470549,
          0.9765600040389536,
          0.9744161382295561,
          0.9754742277711717,
          0.9745634131184262,
          0.9716015669904103,
          0.9721050959297599,
          0.9734184866632615,
          0.9746146770944681
        ],
        [
          0.9745800366110803,
          0.9745189969955128,
          0.9743795385242204,
          0.9746485573554993,
          0.9745246859399036,
          0.9730178962748662,
          0.9730512232992825,
          0.9738471002931706,
          0.9740346475665652,
          0.9745312046957514,
          0.9744137422588112,
          0.9747827382941008,
          0.9742192946681204,
          0.9745368843892637,
          0.9746749291441666,
          0.9758506674676843,
          0.9753416000160249,
          0.9743697099424155,
          0.97494165571376,
          0.9750978150840076,
          0.974424664892462,
          0.9746871925743278,
          0.9744601581855847,
          0.9727491105631676,
          0.9743238864209574,
          0.9744567605411155,
          0.9738623739431291,
          0.9745078286734347,
          0.0,
          0.9745668000874331,
          0.9745261455747296,
          0.9739434852228477,
          0.9757564344662876,
          0.9743735759641278,
          0.9743182747853097,
          0.9745204666623634,
          4.894898214406278,
          0.9724364193892973,
          0.9734794009779298,
          0.9745546170789243
        ],
        [
          0.9862558378652194,
          0.9745936458096809,
          0.9744417778690987,
          0.9788627862213339,
          0.9746062756364027,
          1.4442446537361775,
          0.9729959744892204,
          0.9738684997247071,
          0.9740412686903768,
          0.974608885646444,
          0.9744562837080537,
          0.9748571273922967,
          0.9742682941949277,
          0.9774083141187021,
          0.9841475791526966,
          0.9759960034907174,
          0.9754861127865558,
          0.974430133251779,
          0.9750530140205891,
          0.9747999127813577,
          0.9744776033152973,
          0.9747497694762097,
          0.9745332590026468,
          0.9725384267499134,
          0.9743812161777015,
          0.9745628258945661,
          0.9738572532942452,
          0.9745824900514182,
          0.9745668000874331,
          0.0,
          0.9746027964058485,
          0.9739662222738182,
          0.9758670870959143,
          0.9744368255927629,
          0.9743655949374683,
          0.9778577408300719,
          0.9834615082840384,
          0.9746163829648417,
          0.9734601659588278,
          0.9746379808521721
        ],
        [
          0.9746180399239314,
          0.9745911777340582,
          0.9744360445718162,
          0.9747224543833636,
          0.9745969963439882,
          0.972298016391559,
          0.9729613098006855,
          1.4614243704611896,
          0.9740183868639718,
          0.9746066945776957,
          0.9744294892371501,
          0.9748279312562655,
          0.9742586808034586,
          0.9746030377418663,
          0.9747403816550578,
          0.9782976322238225,
          0.9755126733359248,
          0.9744274687630325,
          0.9750622785643215,
          0.9747263369411708,
          0.9744711304813347,
          0.9747505051044394,
          0.9745293740309693,
          0.9724240343145357,
          0.9743785570529756,
          0.9745187347219495,
          0.9738216583493841,
          0.9745798152258264,
          0.9745261455747296,
          0.9746027964058485,
          0.0,
          0.9739930955122171,
          0.9759008661655971,
          0.9744309740617727,
          0.9744255632809069,
          0.974583677246163,
          0.971613444031827,
          0.9721157491826546,
          0.9734329244366607,
          0.9746363446126203
        ],
        [
          0.9739817025493054,
          0.9739564314859777,
          0.9738206776220933,
          0.9740763455992607,
          0.9739607849010379,
          0.971711468519353,
          0.9723474406819828,
          2.27684487984191,
          0.9734083686906904,
          0.9739518422983287,
          0.9737877390179723,
          0.9741897786780196,
          0.9736109135720771,
          0.9739664212175486,
          0.9741006366735128,
          1.3829826984607738,
          0.9765973365886423,
          0.9738405386791007,
