Map from character to field name
A:	Angola
B:	Argentina
C:	Brazil
D:	British Virgin Islands
E:	Brunei
F:	Cambodia
G:	Chile
H:	China
I:	Colombia
J:	Comoros
K:	Ecuador
L:	El Salvador
M:	Eritrea
N:	France
O:	French Polynesia
P:	Gabon
Q:	Germany
R:	Haiti
S:	India
T:	Indonesia
U:	Jamaica
V:	Japan
W:	Laos
X:	Malaysia
Y:	Mexico
Z:	Myanmar
[:	New Caledonia
\:	Nicaragua
]:	Papua New Guinea
^:	Philippines
_:	Puerto Rico
`:	Saint Barthelemy
a:	Saudi Arabia
b:	Seychelles
c:	Singapore
d:	South Korea
e:	Sri Lanka
f:	Taiwan
g:	Thailand
h:	USA
i:	Venezuela
j:	Vietnam
k:	?


Substitution rate (mu): 149.265787

Equilibrium frequencies (pi_i):
  A: 0.0246
  B: 0.024
  C: 0.0267
  D: 0.0247
  E: 0.0252
  F: 0.0175
  G: 0.0252
  H: 0.0186
  I: 0.0241
  J: 0.025
  K: 0.0249
  L: 0.0252
  M: 0.0251
  N: 0.0253
  O: 0.0242
  P: 0.025
  Q: 0.0256
  R: 0.0263
  S: 0.0198
  T: 0.0192
  U: 0.0255
  V: 0.0247
  W: 0.0206
  X: 0.0217
  Y: 0.0264
  Z: 0.0232
  [: 0.026
  \: 0.0234
  ]: 0.0251
  ^: 0.0243
  _: 0.0249
  `: 0.0252
  a: 0.0251
  b: 0.0252
  c: 0.0168
  d: 0.0247
  e: 0.0229
  f: 0.0238
  g: 0.0208
  h: 0.0268
  i: 0.0243
  j: 0.0222

Symmetrized rates from j->i (W_ij):
	A	B	C	D	E	F	G	H	I	J	K	L	M	N	O	P	Q	R	S	T	U	V	W	X	Y	Z	[	\	]	^	_	`	a	b	c	d	e	f	g	h	i	j
  A	0	0.9422	0.9418	0.9433	0.9429	0.9416	0.9432	1.3474	0.9421	0.9429	0.9426	0.9425	0.9434	0.9439	0.9433	1.1053	0.9426	0.9428	1.0433	0.943	0.9427	0.9433	0.9421	0.9457	0.9405	0.9433	0.9426	0.9407	0.9433	0.9433	0.9423	0.9426	0.9433	0.9432	0.9474	0.9435	0.9424	0.9439	0.9513	0.9438	0.9397	0.9398
  B	0.9422	0	3.3311	0.9413	0.9404	0.9393	0.9408	0.9408	0.944	0.9404	1.102	0.9404	0.9411	0.9412	0.9407	0.943	0.9404	0.9405	0.9451	0.9397	0.9405	0.9406	0.9394	0.9417	0.9384	0.9397	0.9404	0.9389	0.9408	0.9407	0.9402	0.9404	0.9411	0.9407	0.9367	0.9405	0.9401	0.941	0.9419	0.9419	2.2823	0.9369
  C	0.9418	3.3311	0	1.3843	0.9397	0.9386	0.94	0.9408	0.9397	0.9397	0.941	0.9397	0.9404	0.9538	0.9403	0.9429	0.9395	0.9397	1.1223	0.9391	0.9397	0.9398	0.9385	0.9416	0.9373	0.939	0.9395	0.9381	0.94	0.9401	0.94	0.9395	0.9404	0.94	0.9369	0.9399	0.9393	0.9404	0.9426	1.2347	1.8645	0.9358
  D	0.9433	0.9413	1.3843	0	0.9413	0.9397	0.9415	0.9419	0.9407	0.9413	0.9412	0.9411	0.9419	0.9629	0.9416	0.9444	0.9411	0.9413	1.3351	0.9403	0.9412	0.9413	0.9399	0.9429	0.939	0.9406	0.9411	0.9394	0.9415	0.9414	0.9411	0.9411	0.9419	0.9415	0.9383	0.9415	0.9408	0.9418	0.9436	0.9609	0.9395	0.9375
  E	0.9429	0.9404	0.9397	0.9413	0	0.9394	0.9411	0.9465	0.9403	0.9407	0.9408	0.9407	0.9415	0.9415	0.9411	0.9441	0.9407	0.9408	1.4096	1.4084	0.9408	0.941	0.9396	0.9426	0.9384	0.94	0.9407	0.9389	0.9412	0.9411	0.9404	0.9407	0.9415	0.9411	0.9455	0.9409	0.9404	0.9414	0.9432	0.9411	0.9378	0.937
  F	0.9416	0.9393	0.9386	0.9397	0.9394	0	0.94	2.1648	0.9392	0.9394	0.9395	0.9394	0.9406	0.9403	0.9405	0.9426	0.9394	0.9395	0.9463	0.9407	0.9395	0.9401	1.7294	0.9427	0.9378	1.0189	0.9396	0.9383	0.9401	0.9401	0.9393	0.9394	0.9406	0.94	1.242	0.9398	0.9395	1.2808	2.6959	0.9463	0.9375	4.9723
  G	0.9432	0.9408	0.94	0.9415	0.9411	0.94	0	1.074	0.9407	0.9411	0.9412	0.9411	0.9419	0.9554	1.3989	0.9442	0.9411	0.9413	0.945	0.9453	0.9413	0.9428	0.9403	0.9427	0.939	0.9408	0.9416	0.9393	0.9433	0.9416	0.9409	0.9411	0.9419	0.9517	0.9402	0.9415	0.9409	0.9421	0.9442	0.9421	0.9382	0.9381
  H	1.3474	0.9408	0.9408	0.9419	0.9465	2.1648	1.074	0	0.9407	0.9415	0.9411	0.9412	0.9436	1.1699	1.2202	1.0906	0.941	0.9412	1.1999	2.7195	0.9411	1.388	1.9638	1.4336	0.9395	2.1453	0.9419	0.9399	1.1635	1.433	0.942	0.941	0.9435	1.1071	10.4231	1.374	1.2807	1.7616	3.8819	1.061	0.939	2.352
  I	0.9421	0.944	0.9397	0.9407	0.9403	0.9392	0.9407	0.9407	0	0.9403	0.9979	0.9403	0.941	0.9409	0.9407	0.943	0.9403	0.9404	0.944	0.9396	0.9404	0.9405	0.9393	0.9416	0.9383	0.9396	0.9403	0.9388	0.9407	0.9406	0.9401	0.9403	0.941	0.9406	0.9366	0.9404	0.94	0.941	0.9419	0.9409	3.8565	0.9368
  J	0.9429	0.9404	0.9397	0.9413	0.9407	0.9394	0.9411	0.9415	0.9403	0	0.9408	0.9407	0.9415	0.9414	0.9411	0.9441	0.9407	0.9408	1.414	0.94	0.9408	0.9409	0.9396	0.9426	0.9385	0.94	0.9407	0.9389	0.9411	0.941	0.9404	0.9407	0.9415	0.9411	0.9387	0.9409	0.9404	0.9414	0.9431	0.9411	0.9379	0.937
  K	0.9426	1.102	0.941	0.9412	0.9408	0.9395	0.9412	0.9411	0.9979	0.9408	0	0.9408	0.9416	0.9414	0.9412	0.9435	0.9408	0.941	0.9442	0.94	0.9409	0.941	0.9396	0.9421	0.9387	0.9401	0.9408	0.9392	0.9412	0.9411	0.9406	0.9408	0.9416	0.9412	0.9369	0.941	0.9405	0.9415	0.9423	0.941	1.7188	0.9371
  L	0.9425	0.9404	0.9397	0.9411	0.9407	0.9394	0.9411	0.9412	0.9403	0.9407	0.9408	0	0.9415	0.9413	0.9411	0.9435	0.9407	0.9408	0.9446	0.9399	0.9408	0.9409	0.9396	0.9422	0.9384	0.9399	0.9407	0.9389	0.9411	0.9411	0.9405	0.9407	0.9414	0.9411	0.9368	0.9409	0.9404	0.9415	0.9428	1.4118	0.9379	0.937
  M	0.9434	0.9411	0.9404	0.9419	0.9415	0.9406	0.9419	0.9436	0.941	0.9415	0.9416	0.9415	0	0.9421	0.9418	0.9443	0.9415	0.9416	0.9457	0.9406	0.9416	0.942	0.9424	0.9433	0.9393	0.9415	0.9415	0.9396	0.9419	0.9418	0.9412	0.9415	1.0755	0.9419	0.9377	0.9416	0.9411	0.9945	1.2686	0.9422	0.9385	0.9383
  N	0.9439	0.9412	0.9538	0.9629	0.9415	0.9403	0.9554	1.1699	0.9409	0.9414	0.9414	0.9413	0.9421	0	0.9706	0.9452	0.9413	0.9559	1.3901	0.9481	0.9416	0.9437	0.9405	0.9435	1.403	0.9412	0.9416	0.9472	0.9443	0.9419	1.397	0.9413	0.9421	1.4228	0.9425	0.9419	0.9411	0.9424	0.9461	0.9545	0.9459	1.4075
  O	0.9433	0.9407	0.9403	0.9416	0.9411	0.9405	1.3989	1.2202	0.9407	0.9411	0.9412	0.9411	0.9418	0.9706	0	0.9442	0.9411	0.9413	0.9461	0.9505	0.9412	0.9443	0.9405	0.9431	0.939	0.941	2.274	0.9393	0.9453	0.942	0.941	0.9411	0.9418	0.9628	0.9428	0.9416	0.9409	0.9425	0.9466	1.8857	0.9385	1.2274
  P	1.1053	0.943	0.9429	0.9444	0.9441	0.9426	0.9442	1.0906	0.943	0.9441	0.9435	0.9435	0.9443	0.9452	0.9442	0	0.9435	0.9437	1.112	0.9445	0.9436	0.9444	0.9434	0.9479	0.9414	0.9451	0.9436	0.9415	0.9443	0.9443	0.9433	0.9435	0.9443	0.9442	0.9552	0.9449	0.9434	0.9452	0.9571	0.9454	0.9406	0.9412
  Q	0.9426	0.9404	0.9395	0.9411	0.9407	0.9394	0.9411	0.941	0.9403	0.9407	0.9408	0.9407	0.9415	0.9413	0.9411	0.9435	0	0.9408	0.9442	0.9399	0.9408	0.9409	0.9396	0.942	0.9385	0.94	0.9407	0.9389	0.9412	0.941	0.9404	0.9407	0.9415	0.9411	0.9367	0.9409	1.4112	0.9414	0.9423	0.9407	0.9378	0.9369
  R	0.9428	0.9405	0.9397	0.9413	0.9408	0.9395	0.9413	0.9412	0.9404	0.9408	0.941	0.9408	0.9416	0.9559	0.9413	0.9437	0.9408	0	0.9446	0.94	1.0651	0.941	0.9396	0.9423	0.9385	0.94	0.9409	0.939	0.9413	0.9412	2.243	0.9408	0.9416	0.9412	0.9367	0.941	0.9405	0.9416	0.9428	1.0848	0.9578	0.9369
  S	1.0433	0.9451	1.1223	1.3351	1.4096	0.9463	0.945	1.1999	0.944	1.414	0.9442	0.9446	0.9457	1.3901	0.9461	1.112	0.9442	0.9446	0	0.9546	0.9443	0.9462	0.9486	1.0977	0.9427	1.4218	0.9443	0.943	0.9454	0.9456	0.9459	0.9441	0.9457	0.9451	4.8007	1.4048	0.9443	0.9479	1.7247	1.4261	0.9744	0.9442
  T	0.943	0.9397	0.9391	0.9403	1.4084	0.9407	0.9453	2.7195	0.9396	0.94	0.94	0.9399	0.9406	0.9481	0.9505	0.9445	0.9399	0.94	0.9546	0	0.94	0.9576	0.9424	0.9454	0.9382	0.9404	0.94	0.9387	0.9634	1.0039	0.94	0.9399	0.9406	0.9459	5.9941	1.3859	0.9401	0.9438	0.9914	0.9553	0.9378	0.9383
  U	0.9427	0.9405	0.9397	0.9412	0.9408	0.9395	0.9413	0.9411	0.9404	0.9408	0.9409	0.9408	0.9416	0.9416	0.9412	0.9436	0.9408	1.0651	0.9443	0.94	0	0.941	0.9397	0.9421	0.9386	0.9401	0.9408	0.939	0.9413	0.9411	1.3107	0.9408	0.9416	0.9412	0.9368	0.941	0.9405	0.9415	0.9424	0.942	0.9381	0.937
  V	0.9433	0.9406	0.9398	0.9413	0.941	0.9401	0.9428	1.388	0.9405	0.9409	0.941	0.9409	0.942	0.9437	0.9443	0.9444	0.9409	0.941	0.9462	0.9576	0.941	0	0.9451	0.9434	0.9387	0.9408	0.941	0.9391	1.4133	0.9416	0.9407	0.9409	0.942	0.9429	1.1702	0.9414	0.9408	0.9422	1.415	0.942	0.9381	0.938
  W	0.9421	0.9394	0.9385	0.9399	0.9396	1.7294	0.9403	1.9638	0.9393	0.9396	0.9396	0.9396	0.9424	0.9405	0.9405	0.9434	0.9396	0.9396	0.9486	0.9424	0.9397	0.9451	0	0.9449	0.9377	1.0664	0.9395	0.9382	0.9405	0.9405	0.9394	0.9396	0.9424	0.9402	1.9691	0.94	0.9437	1.4685	4.0975	0.9434	0.9372	0.9415
  X	0.9457	0.9417	0.9416	0.9429	0.9426	0.9427	0.9427	1.4336	0.9416	0.9426	0.9421	0.9422	0.9433	0.9435	0.9431	0.9479	0.942	0.9423	1.0977	0.9454	0.9421	0.9434	0.9449	0	0.9401	0.9443	0.9421	0.9405	0.9429	0.9427	0.9425	0.942	0.9433	0.9426	4.7845	0.9431	0.9419	0.9443	1.1433	0.9687	0.9396	0.94
  Y	0.9405	0.9384	0.9373	0.939	0.9384	0.9378	0.939	0.9395	0.9383	0.9385	0.9387	0.9384	0.9393	1.403	0.939	0.9414	0.9385	0.9385	0.9427	0.9382	0.9386	0.9387	0.9377	0.9401	0	0.9379	0.9384	2.793	0.9389	0.9388	0.9382	0.9385	0.9393	0.939	0.9351	0.9387	0.9384	0.9393	0.9405	0.9385	1.1644	0.9349
  Z	0.9433	0.9397	0.939	0.9406	0.94	1.0189	0.9408	2.1453	0.9396	0.94	0.9401	0.9399	0.9415	0.9412	0.941	0.9451	0.94	0.94	1.4218	0.9404	0.9401	0.9408	1.0664	0.9443	0.9379	0	0.94	0.9384	0.9409	0.9407	0.9397	0.94	0.9415	0.9407	0.9434	0.9404	0.9398	0.943	2.2543	0.9424	0.9374	0.9375
  [	0.9426	0.9404	0.9395	0.9411	0.9407	0.9396	0.9416	0.9419	0.9403	0.9407	0.9408	0.9407	0.9415	0.9416	2.274	0.9436	0.9407	0.9409	0.9443	0.94	0.9408	0.941	0.9395	0.9421	0.9384	0.94	0	0.9389	0.9412	0.941	0.9404	0.9407	0.9415	0.9413	0.9367	0.9409	0.9404	0.9415	0.9425	0.9413	0.9377	1.2257
  \	0.9407	0.9389	0.9381	0.9394	0.9389	0.9383	0.9393	0.9399	0.9388	0.9389	0.9392	0.9389	0.9396	0.9472	0.9393	0.9415	0.9389	0.939	0.943	0.9387	0.939	0.9391	0.9382	0.9405	2.793	0.9384	0.9389	0	0.9393	0.9393	0.9387	1.4083	0.9396	0.9393	0.9359	0.9391	0.9388	0.9397	0.9412	1.4086	1.7276	0.9357
  ]	0.9433	0.9408	0.94	0.9415	0.9412	0.9401	0.9433	1.1635	0.9407	0.9411	0.9412	0.9411	0.9419	0.9443	0.9453	0.9443	0.9412	0.9413	0.9454	0.9634	0.9413	1.4133	0.9405	0.9429	0.9389	0.9409	0.9412	0.9393	0	0.9418	0.9409	0.9411	0.9419	0.9434	0.9443	0.9416	0.9409	0.9422	0.9472	0.9418	0.9382	0.938
  ^	0.9433	0.9407	0.9401	0.9414	0.9411	0.9401	0.9416	1.433	0.9406	0.941	0.9411	0.9411	0.9418	0.9419	0.942	0.9443	0.941	0.9412	0.9456	1.0039	0.9411	0.9416	0.9405	0.9427	0.9388	0.9407	0.941	0.9393	0.9418	0	0.9412	0.941	0.9418	0.9416	0.9446	0.9977	0.9408	1.2636	0.9452	1.3167	0.9383	0.9381
  _	0.9423	0.9402	0.94	0.9411	0.9404	0.9393	0.9409	0.942	0.9401	0.9404	0.9406	0.9405	0.9412	1.397	0.941	0.9433	0.9404	2.243	0.9459	0.94	1.3107	0.9407	0.9394	0.9425	0.9382	0.9397	0.9404	0.9387	0.9409	0.9412	0	0.9404	0.9412	0.9409	0.9367	0.9406	0.9401	0.9415	0.9441	2.7842	1.3904	0.9368
  `	0.9426	0.9404	0.9395	0.9411	0.9407	0.9394	0.9411	0.941	0.9403	0.9407	0.9408	0.9407	0.9415	0.9413	0.9411	0.9435	0.9407	0.9408	0.9441	0.9399	0.9408	0.9409	0.9396	0.942	0.9385	0.94	0.9407	1.4083	0.9411	0.941	0.9404	0	0.9415	0.9411	0.9367	0.9409	0.9404	0.9414	0.9423	0.9407	0.9378	0.937
  a	0.9433	0.9411	0.9404	0.9419	0.9415	0.9406	0.9419	0.9435	0.941	0.9415	0.9416	0.9414	1.0755	0.9421	0.9418	0.9443	0.9415	0.9416	0.9457	0.9406	0.9416	0.942	0.9424	0.9433	0.9393	0.9415	0.9415	0.9396	0.9419	0.9418	0.9412	0.9415	0	0.9419	0.9377	0.9416	0.9411	0.9935	1.265	0.9422	0.9385	0.9383
  b	0.9432	0.9407	0.94	0.9415	0.9411	0.94	0.9517	1.1071	0.9406	0.9411	0.9412	0.9411	0.9419	1.4228	0.9628	0.9442	0.9411	0.9412	0.9451	0.9459	0.9412	0.9429	0.9402	0.9426	0.939	0.9407	0.9413	0.9393	0.9434	0.9416	0.9409	0.9411	0.9419	0	0.9403	0.9414	0.9408	0.942	0.9442	0.9415	0.9382	0.938
  c	0.9474	0.9367	0.9369	0.9383	0.9455	1.242	0.9402	10.4231	0.9366	0.9387	0.9369	0.9368	0.9377	0.9425	0.9428	0.9552	0.9367	0.9367	4.8007	5.9941	0.9368	1.1702	1.9691	4.7845	0.9351	0.9434	0.9367	0.9359	0.9443	0.9446	0.9367	0.9367	0.9377	0.9403	0	1.0367	2.0221	1.5943	1.4662	0.9504	0.9352	2.359
  d	0.9435	0.9405	0.9399	0.9415	0.9409	0.9398	0.9415	1.374	0.9404	0.9409	0.941	0.9409	0.9416	0.9419	0.9416	0.9449	0.9409	0.941	1.4048	1.3859	0.941	0.9414	0.94	0.9431	0.9387	0.9404	0.9409	0.9391	0.9416	0.9977	0.9406	0.9409	0.9416	0.9414	1.0367	0	0.9406	0.9434	0.9442	0.9434	0.9381	0.9375
  e	0.9424	0.9401	0.9393	0.9408	0.9404	0.9395	0.9409	1.2807	0.94	0.9404	0.9405	0.9404	0.9411	0.9411	0.9409	0.9434	1.4112	0.9405	0.9443	0.9401	0.9405	0.9408	0.9437	0.9419	0.9384	0.9398	0.9404	0.9388	0.9409	0.9408	0.9401	0.9404	0.9411	0.9408	2.0221	0.9406	0	0.943	0.9465	0.9406	0.9378	0.9372
  f	0.9439	0.941	0.9404	0.9418	0.9414	1.2808	0.9421	1.7616	0.941	0.9414	0.9415	0.9415	0.9945	0.9424	0.9425	0.9452	0.9414	0.9416	0.9479	0.9438	0.9415	0.9422	1.4685	0.9443	0.9393	0.943	0.9415	0.9397	0.9422	1.2636	0.9415	0.9414	0.9935	0.942	1.5943	0.9434	0.943	0	1.9952	1.1515	0.9387	1.5309
  g	0.9513	0.9419	0.9426	0.9436	0.9432	2.6959	0.9442	3.8819	0.9419	0.9431	0.9423	0.9428	1.2686	0.9461	0.9466	0.9571	0.9423	0.9428	1.7247	0.9914	0.9424	1.415	4.0975	1.1433	0.9405	2.2543	0.9425	0.9412	0.9472	0.9452	0.9441	0.9423	1.265	0.9442	1.4662	0.9442	0.9465	1.9952	0	1.3835	0.9402	1.3468
  h	0.9438	0.9419	1.2347	0.9609	0.9411	0.9463	0.9421	1.061	0.9409	0.9411	0.941	1.4118	0.9422	0.9545	1.8857	0.9454	0.9407	1.0848	1.4261	0.9553	0.942	0.942	0.9434	0.9687	0.9385	0.9424	0.9413	1.4086	0.9418	1.3167	2.7842	0.9407	0.9422	0.9415	0.9504	0.9434	0.9406	1.1515	1.3835	0	1.0676	0.939
  i	0.9397	2.2823	1.8645	0.9395	0.9378	0.9375	0.9382	0.939	3.8565	0.9379	1.7188	0.9379	0.9385	0.9459	0.9385	0.9406	0.9378	0.9578	0.9744	0.9378	0.9381	0.9381	0.9372	0.9396	1.1644	0.9374	0.9377	1.7276	0.9382	0.9383	1.3904	0.9378	0.9385	0.9382	0.9352	0.9381	0.9378	0.9387	0.9402	1.0676	0	0.9346
  j	0.9398	0.9369	0.9358	0.9375	0.937	4.9723	0.9381	2.352	0.9368	0.937	0.9371	0.937	0.9383	1.4075	1.2274	0.9412	0.9369	0.9369	0.9442	0.9383	0.937	0.938	0.9415	0.94	0.9349	0.9375	1.2257	0.9357	0.938	0.9381	0.9368	0.937	0.9383	0.938	2.359	0.9375	0.9372	1.5309	1.3468	0.939	0.9346	0

Actual rates from j->i (Q_ij):
	A	B	C	D	E	F	G	H	I	J	K	L	M	N	O	P	Q	R	S	T	U	V	W	X	Y	Z	[	\	]	^	_	`	a	b	c	d	e	f	g	h	i	j
  A	0	0.0231	0.0231	0.0232	0.0232	0.0231	0.0232	0.0331	0.0231	0.0232	0.0232	0.0232	0.0232	0.0232	0.0232	0.0272	0.0232	0.0232	0.0256	0.0232	0.0232	0.0232	0.0231	0.0232	0.0231	0.0232	0.0232	0.0231	0.0232	0.0232	0.0232	0.0232	0.0232	0.0232	0.0233	0.0232	0.0232	0.0232	0.0234	0.0232	0.0231	0.0231
  B	0.0226	0	0.0798	0.0225	0.0225	0.0225	0.0225	0.0225	0.0226	0.0225	0.0264	0.0225	0.0225	0.0225	0.0225	0.0226	0.0225	0.0225	0.0226	0.0225	0.0225	0.0225	0.0225	0.0226	0.0225	0.0225	0.0225	0.0225	0.0225	0.0225	0.0225	0.0225	0.0225	0.0225	0.0224	0.0225	0.0225	0.0225	0.0226	0.0226	0.0547	0.0224
  C	0.0252	0.0891	0	0.037	0.0251	0.0251	0.0251	0.0252	0.0251	0.0251	0.0252	0.0251	0.0251	0.0255	0.0251	0.0252	0.0251	0.0251	0.03	0.0251	0.0251	0.0251	0.0251	0.0252	0.0251	0.0251	0.0251	0.0251	0.0251	0.0251	0.0251	0.0251	0.0251	0.0251	0.0251	0.0251	0.0251	0.0251	0.0252	0.033	0.0499	0.025
  D	0.0233	0.0233	0.0343	0	0.0233	0.0233	0.0233	0.0233	0.0233	0.0233	0.0233	0.0233	0.0233	0.0238	0.0233	0.0234	0.0233	0.0233	0.033	0.0233	0.0233	0.0233	0.0233	0.0233	0.0232	0.0233	0.0233	0.0232	0.0233	0.0233	0.0233	0.0233	0.0233	0.0233	0.0232	0.0233	0.0233	0.0233	0.0234	0.0238	0.0232	0.0232
  E	0.0238	0.0237	0.0237	0.0238	0	0.0237	0.0237	0.0239	0.0237	0.0237	0.0237	0.0237	0.0238	0.0238	0.0237	0.0238	0.0237	0.0237	0.0356	0.0355	0.0237	0.0237	0.0237	0.0238	0.0237	0.0237	0.0237	0.0237	0.0237	0.0237	0.0237	0.0237	0.0238	0.0237	0.0239	0.0237	0.0237	0.0238	0.0238	0.0237	0.0237	0.0236
  F	0.0164	0.0164	0.0164	0.0164	0.0164	0	0.0164	0.0378	0.0164	0.0164	0.0164	0.0164	0.0164	0.0164	0.0164	0.0165	0.0164	0.0164	0.0165	0.0164	0.0164	0.0164	0.0302	0.0165	0.0164	0.0178	0.0164	0.0164	0.0164	0.0164	0.0164	0.0164	0.0164	0.0164	0.0217	0.0164	0.0164	0.0224	0.0471	0.0165	0.0164	0.0868
  G	0.0238	0.0238	0.0237	0.0238	0.0238	0.0237	0	0.0271	0.0237	0.0238	0.0238	0.0238	0.0238	0.0241	0.0353	0.0238	0.0238	0.0238	0.0239	0.0239	0.0238	0.0238	0.0237	0.0238	0.0237	0.0238	0.0238	0.0237	0.0238	0.0238	0.0238	0.0238	0.0238	0.024	0.0237	0.0238	0.0238	0.0238	0.0238	0.0238	0.0237	0.0237
  H	0.0251	0.0175	0.0175	0.0175	0.0176	0.0403	0.02	0	0.0175	0.0175	0.0175	0.0175	0.0176	0.0218	0.0227	0.0203	0.0175	0.0175	0.0223	0.0506	0.0175	0.0258	0.0366	0.0267	0.0175	0.0399	0.0175	0.0175	0.0217	0.0267	0.0175	0.0175	0.0176	0.0206	0.194	0.0256	0.0238	0.0328	0.0722	0.0197	0.0175	0.0438
  I	0.0227	0.0227	0.0226	0.0226	0.0226	0.0226	0.0226	0.0226	0	0.0226	0.024	0.0226	0.0227	0.0226	0.0226	0.0227	0.0226	0.0226	0.0227	0.0226	0.0226	0.0226	0.0226	0.0227	0.0226	0.0226	0.0226	0.0226	0.0226	0.0226	0.0226	0.0226	0.0226	0.0226	0.0225	0.0226	0.0226	0.0226	0.0227	0.0226	0.0928	0.0225
  J	0.0236	0.0235	0.0235	0.0236	0.0235	0.0235	0.0235	0.0236	0.0235	0	0.0235	0.0235	0.0236	0.0236	0.0235	0.0236	0.0235	0.0235	0.0354	0.0235	0.0235	0.0235	0.0235	0.0236	0.0235	0.0235	0.0235	0.0235	0.0235	0.0235	0.0235	0.0235	0.0236	0.0235	0.0235	0.0235	0.0235	0.0236	0.0236	0.0235	0.0235	0.0234
  K	0.0235	0.0275	0.0235	0.0235	0.0234	0.0234	0.0235	0.0235	0.0249	0.0234	0	0.0234	0.0235	0.0235	0.0235	0.0235	0.0234	0.0235	0.0235	0.0234	0.0235	0.0235	0.0234	0.0235	0.0234	0.0234	0.0234	0.0234	0.0235	0.0235	0.0234	0.0234	0.0235	0.0235	0.0234	0.0235	0.0234	0.0235	0.0235	0.0235	0.0428	0.0234
  L	0.0237	0.0237	0.0236	0.0237	0.0237	0.0236	0.0237	0.0237	0.0237	0.0237	0.0237	0	0.0237	0.0237	0.0237	0.0237	0.0237	0.0237	0.0238	0.0236	0.0237	0.0237	0.0236	0.0237	0.0236	0.0236	0.0237	0.0236	0.0237	0.0237	0.0237	0.0237	0.0237	0.0237	0.0236	0.0237	0.0237	0.0237	0.0237	0.0355	0.0236	0.0236
  M	0.0237	0.0237	0.0236	0.0237	0.0237	0.0236	0.0237	0.0237	0.0236	0.0237	0.0237	0.0237	0	0.0237	0.0237	0.0237	0.0237	0.0237	0.0238	0.0236	0.0237	0.0237	0.0237	0.0237	0.0236	0.0237	0.0237	0.0236	0.0237	0.0237	0.0237	0.0237	0.027	0.0237	0.0236	0.0237	0.0237	0.025	0.0319	0.0237	0.0236	0.0236
  N	0.0239	0.0238	0.0242	0.0244	0.0239	0.0238	0.0242	0.0296	0.0238	0.0238	0.0238	0.0238	0.0239	0	0.0246	0.0239	0.0238	0.0242	0.0352	0.024	0.0239	0.0239	0.0238	0.0239	0.0355	0.0238	0.0239	0.024	0.0239	0.0239	0.0354	0.0238	0.0239	0.036	0.0239	0.0239	0.0238	0.0239	0.024	0.0242	0.024	0.0357
  O	0.0228	0.0227	0.0227	0.0228	0.0227	0.0227	0.0338	0.0295	0.0227	0.0227	0.0227	0.0227	0.0228	0.0235	0	0.0228	0.0227	0.0227	0.0229	0.023	0.0227	0.0228	0.0227	0.0228	0.0227	0.0227	0.055	0.0227	0.0228	0.0228	0.0227	0.0227	0.0228	0.0233	0.0228	0.0228	0.0227	0.0228	0.0229	0.0456	0.0227	0.0297
  P	0.0277	0.0236	0.0236	0.0236	0.0236	0.0236	0.0236	0.0273	0.0236	0.0236	0.0236	0.0236	0.0236	0.0237	0.0236	0	0.0236	0.0236	0.0278	0.0236	0.0236	0.0236	0.0236	0.0237	0.0236	0.0237	0.0236	0.0236	0.0236	0.0236	0.0236	0.0236	0.0236	0.0236	0.0239	0.0236	0.0236	0.0237	0.024	0.0237	0.0235	0.0236
  Q	0.0241	0.024	0.024	0.0241	0.024	0.024	0.0241	0.024	0.024	0.024	0.024	0.024	0.0241	0.0241	0.0241	0.0241	0	0.024	0.0241	0.024	0.024	0.024	0.024	0.0241	0.024	0.024	0.024	0.024	0.0241	0.024	0.024	0.024	0.0241	0.0241	0.0239	0.024	0.0361	0.0241	0.0241	0.024	0.024	0.0239
  R	0.0248	0.0247	0.0247	0.0247	0.0247	0.0247	0.0247	0.0247	0.0247	0.0247	0.0247	0.0247	0.0247	0.0251	0.0247	0.0248	0.0247	0	0.0248	0.0247	0.028	0.0247	0.0247	0.0247	0.0246	0.0247	0.0247	0.0247	0.0247	0.0247	0.0589	0.0247	0.0247	0.0247	0.0246	0.0247	0.0247	0.0247	0.0248	0.0285	0.0252	0.0246
  S	0.0206	0.0187	0.0222	0.0264	0.0279	0.0187	0.0187	0.0237	0.0187	0.028	0.0187	0.0187	0.0187	0.0275	0.0187	0.022	0.0187	0.0187	0	0.0189	0.0187	0.0187	0.0188	0.0217	0.0187	0.0281	0.0187	0.0187	0.0187	0.0187	0.0187	0.0187	0.0187	0.0187	0.095	0.0278	0.0187	0.0188	0.0341	0.0282	0.0193	0.0187
  T	0.0181	0.018	0.018	0.018	0.027	0.0181	0.0181	0.0522	0.018	0.018	0.018	0.018	0.0181	0.0182	0.0182	0.0181	0.018	0.018	0.0183	0	0.018	0.0184	0.0181	0.0181	0.018	0.018	0.018	0.018	0.0185	0.0193	0.018	0.018	0.0181	0.0182	0.115	0.0266	0.018	0.0181	0.019	0.0183	0.018	0.018
  U	0.0241	0.024	0.024	0.024	0.024	0.024	0.024	0.024	0.024	0.024	0.024	0.024	0.024	0.024	0.024	0.0241	0.024	0.0272	0.0241	0.024	0	0.024	0.024	0.0241	0.024	0.024	0.024	0.024	0.024	0.024	0.0335	0.024	0.024	0.024	0.0239	0.024	0.024	0.024	0.0241	0.0241	0.024	0.0239
  V	0.0233	0.0232	0.0232	0.0233	0.0233	0.0232	0.0233	0.0343	0.0232	0.0233	0.0233	0.0233	0.0233	0.0233	0.0233	0.0233	0.0233	0.0233	0.0234	0.0237	0.0233	0	0.0234	0.0233	0.0232	0.0232	0.0233	0.0232	0.0349	0.0233	0.0232	0.0233	0.0233	0.0233	0.0289	0.0233	0.0232	0.0233	0.035	0.0233	0.0232	0.0232
  W	0.0194	0.0193	0.0193	0.0194	0.0194	0.0356	0.0194	0.0405	0.0193	0.0194	0.0194	0.0194	0.0194	0.0194	0.0194	0.0194	0.0194	0.0194	0.0195	0.0194	0.0194	0.0195	0	0.0195	0.0193	0.022	0.0194	0.0193	0.0194	0.0194	0.0193	0.0194	0.0194	0.0194	0.0406	0.0194	0.0194	0.0302	0.0844	0.0194	0.0193	0.0194
  X	0.0205	0.0204	0.0204	0.0205	0.0205	0.0205	0.0205	0.0311	0.0204	0.0205	0.0205	0.0205	0.0205	0.0205	0.0205	0.0206	0.0205	0.0205	0.0238	0.0205	0.0205	0.0205	0.0205	0	0.0204	0.0205	0.0205	0.0204	0.0205	0.0205	0.0205	0.0205	0.0205	0.0205	0.1039	0.0205	0.0205	0.0205	0.0248	0.021	0.0204	0.0204
  Y	0.0248	0.0248	0.0247	0.0248	0.0248	0.0247	0.0248	0.0248	0.0248	0.0248	0.0248	0.0248	0.0248	0.037	0.0248	0.0248	0.0248	0.0248	0.0249	0.0248	0.0248	0.0248	0.0247	0.0248	0	0.0247	0.0248	0.0737	0.0248	0.0248	0.0248	0.0248	0.0248	0.0248	0.0247	0.0248	0.0248	0.0248	0.0248	0.0248	0.0307	0.0247
  Z	0.0219	0.0218	0.0218	0.0219	0.0218	0.0237	0.0219	0.0499	0.0218	0.0218	0.0218	0.0218	0.0219	0.0219	0.0219	0.022	0.0218	0.0218	0.033	0.0219	0.0218	0.0219	0.0248	0.0219	0.0218	0	0.0218	0.0218	0.0219	0.0219	0.0218	0.0218	0.0219	0.0219	0.0219	0.0219	0.0218	0.0219	0.0524	0.0219	0.0218	0.0218
  [	0.0246	0.0245	0.0245	0.0245	0.0245	0.0245	0.0245	0.0245	0.0245	0.0245	0.0245	0.0245	0.0245	0.0245	0.0592	0.0246	0.0245	0.0245	0.0246	0.0245	0.0245	0.0245	0.0245	0.0245	0.0244	0.0245	0	0.0245	0.0245	0.0245	0.0245	0.0245	0.0245	0.0245	0.0244	0.0245	0.0245	0.0245	0.0245	0.0245	0.0244	0.0319
  \	0.022	0.022	0.022	0.022	0.022	0.022	0.022	0.022	0.022	0.022	0.022	0.022	0.022	0.0222	0.022	0.022	0.022	0.022	0.0221	0.022	0.022	0.022	0.022	0.022	0.0654	0.022	0.022	0	0.022	0.022	0.022	0.033	0.022	0.022	0.0219	0.022	0.022	0.022	0.022	0.033	0.0404	0.0219
  ]	0.0237	0.0236	0.0236	0.0236	0.0236	0.0236	0.0237	0.0292	0.0236	0.0236	0.0236	0.0236	0.0237	0.0237	0.0237	0.0237	0.0236	0.0236	0.0237	0.0242	0.0236	0.0355	0.0236	0.0237	0.0236	0.0236	0.0236	0.0236	0	0.0236	0.0236	0.0236	0.0237	0.0237	0.0237	0.0236	0.0236	0.0237	0.0238	0.0236	0.0236	0.0236
  ^	0.0229	0.0228	0.0228	0.0229	0.0228	0.0228	0.0229	0.0348	0.0228	0.0228	0.0228	0.0228	0.0229	0.0229	0.0229	0.0229	0.0228	0.0228	0.023	0.0244	0.0228	0.0229	0.0228	0.0229	0.0228	0.0228	0.0228	0.0228	0.0229	0	0.0228	0.0228	0.0229	0.0229	0.0229	0.0242	0.0228	0.0307	0.0229	0.032	0.0228	0.0228
  _	0.0235	0.0235	0.0234	0.0235	0.0235	0.0234	0.0235	0.0235	0.0235	0.0235	0.0235	0.0235	0.0235	0.0348	0.0235	0.0235	0.0235	0.056	0.0236	0.0234	0.0327	0.0235	0.0234	0.0235	0.0234	0.0234	0.0235	0.0234	0.0235	0.0235	0	0.0235	0.0235	0.0235	0.0234	0.0235	0.0235	0.0235	0.0236	0.0695	0.0347	0.0234
  `	0.0238	0.0237	0.0237	0.0237	0.0237	0.0237	0.0237	0.0237	0.0237	0.0237	0.0237	0.0237	0.0237	0.0237	0.0237	0.0238	0.0237	0.0237	0.0238	0.0237	0.0237	0.0237	0.0237	0.0237	0.0237	0.0237	0.0237	0.0355	0.0237	0.0237	0.0237	0	0.0237	0.0237	0.0236	0.0237	0.0237	0.0237	0.0238	0.0237	0.0236	0.0236
  a	0.0237	0.0237	0.0236	0.0237	0.0237	0.0236	0.0237	0.0237	0.0237	0.0237	0.0237	0.0237	0.027	0.0237	0.0237	0.0237	0.0237	0.0237	0.0238	0.0236	0.0237	0.0237	0.0237	0.0237	0.0236	0.0237	0.0237	0.0236	0.0237	0.0237	0.0237	0.0237	0	0.0237	0.0236	0.0237	0.0237	0.025	0.0318	0.0237	0.0236	0.0236
  b	0.0238	0.0237	0.0237	0.0237	0.0237	0.0237	0.024	0.0279	0.0237	0.0237	0.0237	0.0237	0.0237	0.0359	0.0243	0.0238	0.0237	0.0237	0.0238	0.0238	0.0237	0.0238	0.0237	0.0238	0.0237	0.0237	0.0237	0.0237	0.0238	0.0237	0.0237	0.0237	0.0237	0	0.0237	0.0237	0.0237	0.0237	0.0238	0.0237	0.0236	0.0236
  c	0.016	0.0158	0.0158	0.0158	0.0159	0.0209	0.0158	0.1756	0.0158	0.0158	0.0158	0.0158	0.0158	0.0159	0.0159	0.0161	0.0158	0.0158	0.0809	0.101	0.0158	0.0197	0.0332	0.0806	0.0158	0.0159	0.0158	0.0158	0.0159	0.0159	0.0158	0.0158	0.0158	0.0158	0	0.0175	0.0341	0.0269	0.0247	0.016	0.0158	0.0397
  d	0.0233	0.0232	0.0232	0.0233	0.0232	0.0232	0.0233	0.0339	0.0232	0.0232	0.0232	0.0232	0.0233	0.0233	0.0233	0.0233	0.0232	0.0232	0.0347	0.0342	0.0232	0.0233	0.0232	0.0233	0.0232	0.0232	0.0232	0.0232	0.0233	0.0246	0.0232	0.0232	0.0233	0.0233	0.0256	0	0.0232	0.0233	0.0233	0.0233	0.0232	0.0232
  e	0.0215	0.0215	0.0215	0.0215	0.0215	0.0215	0.0215	0.0293	0.0215	0.0215	0.0215	0.0215	0.0215	0.0215	0.0215	0.0216	0.0323	0.0215	0.0216	0.0215	0.0215	0.0215	0.0216	0.0215	0.0214	0.0215	0.0215	0.0215	0.0215	0.0215	0.0215	0.0215	0.0215	0.0215	0.0462	0.0215	0	0.0216	0.0216	0.0215	0.0214	0.0214
  f	0.0225	0.0224	0.0224	0.0224	0.0224	0.0305	0.0225	0.042	0.0224	0.0224	0.0224	0.0224	0.0237	0.0225	0.0225	0.0225	0.0224	0.0224	0.0226	0.0225	0.0224	0.0225	0.035	0.0225	0.0224	0.0225	0.0224	0.0224	0.0225	0.0301	0.0224	0.0224	0.0237	0.0225	0.038	0.0225	0.0225	0	0.0476	0.0274	0.0224	0.0365
  g	0.0198	0.0196	0.0197	0.0197	0.0197	0.0562	0.0197	0.0809	0.0196	0.0197	0.0196	0.0197	0.0264	0.0197	0.0197	0.02	0.0196	0.0197	0.036	0.0207	0.0196	0.0295	0.0854	0.0238	0.0196	0.047	0.0196	0.0196	0.0197	0.0197	0.0197	0.0196	0.0264	0.0197	0.0306	0.0197	0.0197	0.0416	0	0.0288	0.0196	0.0281
  h	0.0253	0.0252	0.0331	0.0258	0.0252	0.0254	0.0252	0.0284	0.0252	0.0252	0.0252	0.0378	0.0252	0.0256	0.0505	0.0253	0.0252	0.0291	0.0382	0.0256	0.0252	0.0252	0.0253	0.026	0.0251	0.0253	0.0252	0.0377	0.0252	0.0353	0.0746	0.0252	0.0252	0.0252	0.0255	0.0253	0.0252	0.0309	0.0371	0	0.0286	0.0252
  i	0.0228	0.0553	0.0452	0.0228	0.0227	0.0227	0.0228	0.0228	0.0935	0.0227	0.0417	0.0227	0.0228	0.0229	0.0228	0.0228	0.0227	0.0232	0.0236	0.0227	0.0228	0.0227	0.0227	0.0228	0.0282	0.0227	0.0227	0.0419	0.0228	0.0228	0.0337	0.0227	0.0228	0.0228	0.0227	0.0227	0.0227	0.0228	0.0228	0.0259	0	0.0227
  j	0.0208	0.0208	0.0208	0.0208	0.0208	0.1103	0.0208	0.0522	0.0208	0.0208	0.0208	0.0208	0.0208	0.0312	0.0272	0.0209	0.0208	0.0208	0.0209	0.0208	0.0208	0.0208	0.0209	0.0208	0.0207	0.0208	0.0272	0.0207	0.0208	0.0208	0.0208	0.0208	0.0208	0.0208	0.0523	0.0208	0.0208	0.0339	0.0299	0.0208	0.0207	0
