Map from character to field name
A:	Africa
B:	China
C:	North America
D:	Oceania
E:	South America
F:	South Asia
G:	Southeast Asia
H:	West Asia
I:	?


Substitution rate (mu): 47.270756

Equilibrium frequencies (pi_i):
  A: 0.1347
  B: 0.1505
  C: 0.102
  D: 0.1195
  E: 0.1169
  F: 0.0844
  G: 0.1716
  H: 0.1204

Symmetrized rates from j->i (W_ij):
	A	B	C	D	E	F	G	H
  A	0	1.0429	0.6764	0.6975	0.6741	1.0387	0.673	0.6989
  B	1.0429	0	0.6685	0.6937	0.6678	1.5842	3.6478	1.0426
  C	0.6764	0.6685	0	0.6755	4.7977	1.0144	0.649	0.6764
  D	0.6975	0.6937	0.6755	0	0.6752	0.6897	1.3482	0.6971
  E	0.6741	0.6678	4.7977	0.6752	0	0.675	0.6459	0.6761
  F	1.0387	1.5842	1.0144	0.6897	0.675	0	2.7491	1.0354
  G	0.673	3.6478	0.649	1.3482	0.6459	2.7491	0	0.6746
  H	0.6989	1.0426	0.6764	0.6971	0.6761	1.0354	0.6746	0

Actual rates from j->i (Q_ij):
	A	B	C	D	E	F	G	H
  A	0	0.1405	0.0911	0.094	0.0908	0.1399	0.0907	0.0942
  B	0.157	0	0.1006	0.1044	0.1005	0.2384	0.5491	0.1569
  C	0.069	0.0682	0	0.0689	0.4892	0.1034	0.0662	0.069
  D	0.0834	0.0829	0.0807	0	0.0807	0.0824	0.1611	0.0833
  E	0.0788	0.0781	0.5609	0.0789	0	0.0789	0.0755	0.079
  F	0.0877	0.1337	0.0856	0.0582	0.057	0	0.232	0.0874
  G	0.1155	0.626	0.1114	0.2314	0.1108	0.4718	0	0.1158
  H	0.0841	0.1255	0.0814	0.0839	0.0814	0.1246	0.0812	0
