Map from character to field name
A:	China
B:	Japan Korea
C:	North America
D:	Oceania
E:	South America
F:	South Asia
G:	Southeast Asia
H:	West Asia
I:	?


Substitution rate (mu): 56.682381

Equilibrium frequencies (pi_i):
  A: 0.1041
  B: 0.117
  C: 0.1215
  D: 0.1178
  E: 0.1463
  F: 0.1144
  G: 0.1488
  H: 0.1302

Symmetrized rates from j->i (W_ij):
	A	B	C	D	E	F	G	H
  A	0	0.7715	0.765	0.7716	0.8239	0.8259	5.5178	0.7705
  B	0.7715	0	0.7671	0.7731	0.7613	0.7717	1.1368	0.7741
  C	0.765	0.7671	0	0.766	2.3017	0.7649	0.7455	0.7664
  D	0.7716	0.7731	0.766	0	0.7606	0.7724	1.9031	0.7729
  E	0.8239	0.7613	2.3017	0.7606	0	0.7925	1.3996	0.7597
  F	0.8259	0.7717	0.7649	0.7724	0.7925	0	1.751	1.1652
  G	5.5178	1.1368	0.7455	1.9031	1.3996	1.751	0	0.7529
  H	0.7705	0.7741	0.7664	0.7729	0.7597	1.1652	0.7529	0

Actual rates from j->i (Q_ij):
	A	B	C	D	E	F	G	H
  A	0	0.0803	0.0796	0.0803	0.0857	0.086	0.5743	0.0802
  B	0.0903	0	0.0897	0.0905	0.0891	0.0903	0.133	0.0906
  C	0.0929	0.0932	0	0.0931	0.2796	0.0929	0.0906	0.0931
  D	0.0909	0.091	0.0902	0	0.0896	0.091	0.2241	0.091
  E	0.1206	0.1114	0.3368	0.1113	0	0.116	0.2048	0.1112
  F	0.0945	0.0883	0.0875	0.0883	0.0906	0	0.2003	0.1333
  G	0.8208	0.1691	0.1109	0.2831	0.2082	0.2605	0	0.112
  H	0.1003	0.1008	0.0998	0.1006	0.0989	0.1517	0.098	0
